0	605	1
1	561	1
1	554	1
1	540	1
1	549	1
1	555	1
1	541	1
1	536	1
1	545	1
1	552	1
1	539	1
1	546	1
1	559	1
1	551	1
1	550	1
2	464	1
2	421	1
2	438	1
2	460	1
2	435	1
3	600	1
3	598	1
3	599	1
3	596	1
3	603	1
4	565	1
4	566	1
4	563	1
4	567	1
4	568	1
4	569	1
4	521	1
4	494	1
4	529	1
4	495	1
4	498	1
4	509	1
4	519	1
4	507	1
4	501	1
4	502	1
4	517	1
4	514	1
4	504	1
5	1051	1
5	1222	1
6	600	1
7	405	1
7	382	1
7	377	1
7	365	1
7	376	1
7	408	1
7	406	1
7	371	1
7	391	1
7	415	1
7	411	1
7	592	1
7	594	1
8	339	1
8	291	1
8	357	1
8	320	1
9	751	1
9	1128	1
9	1518	1
9	989	1
9	578	1
9	581	1
9	572	1
9	579	1
9	575	1
9	570	1
10	1017	1
10	1233	1
10	1114	1
10	1333	1
11	210	1
11	217	1
11	598	1
11	596	1
11	599	1
11	600	1
12	565	1
12	563	1
12	569	1
12	566	1
12	567	1
12	568	1
13	599	1
13	596	1
13	598	1
13	600	1
14	562	1
14	536	1
14	538	1
14	561	1
14	542	1
14	546	1
14	549	1
14	540	1
14	552	1
14	557	1
15	595	1
15	592	1
15	594	1
16	152	1
16	61	1
16	53	1
16	204	1
16	141	1
16	112	1
16	44	1
16	62	1
16	206	1
17	234	1
17	240	1
17	214	1
17	222	1
17	207	1
17	225	1
17	221	1
17	217	1
17	250	1
17	233	1
17	218	1
17	215	1
17	237	1
17	216	1
17	239	1
17	590	1
17	589	1
17	586	1
17	588	1
18	558	1
18	552	1
18	546	1
18	553	1
18	556	1
18	549	1
18	542	1
18	536	1
18	555	1
18	561	1
18	550	1
18	309	1
18	256	1
18	301	1
18	351	1
18	292	1
18	346	1
18	347	1
18	311	1
19	605	1
19	500	1
19	491	1
19	507	1
19	517	1
20	590	1
20	586	1
20	589	1
20	588	1
21	605	1
21	385	1
21	400	1
21	384	1
21	389	1
21	367	1
21	380	1
21	398	1
21	393	1
21	370	1
21	405	1
21	413	1
21	369	1
21	391	1
21	372	1
21	407	1
22	675	1
22	1509	1
22	1419	1
22	615	1
22	799	1
22	712	1
22	926	1
22	724	1
22	1453	1
22	24	1
22	11	1
22	77	1
22	81	1
23	467	1
23	479	1
23	484	1
23	465	1
23	480	1
23	474	1
23	482	1
23	488	1
23	473	1
23	476	1
23	475	1
23	490	1
23	489	1
24	380	1
24	403	1
24	374	1
24	395	1
24	383	1
24	365	1
24	397	1
24	382	1
24	410	1
24	398	1
24	386	1
24	375	1
24	369	1
24	364	1
24	377	1
25	595	1
25	592	1
25	594	1
26	578	1
26	581	1
26	584	1
26	582	1
26	580	1
27	371	1
27	379	1
27	380	1
27	413	1
27	377	1
27	375	1
27	392	1
27	397	1
27	387	1
27	382	1
27	398	1
27	406	1
27	399	1
28	1473	1
28	850	1
28	609	1
28	1536	1
28	1559	1
29	601	1
30	605	1
31	584	1
31	575	1
31	573	1
31	572	1
31	578	1
31	583	1
31	580	1
31	579	1
31	567	1
31	568	1
32	478	1
33	326	1
33	347	1
33	83	1
33	100	1
33	30	1
33	200	1
33	160	1
33	206	1
33	7	1
34	599	1
34	596	1
34	600	1
34	598	1
34	215	1
34	221	1
34	249	1
34	239	1
34	238	1
34	209	1
35	974	1
35	828	1
35	928	1
35	867	1
35	655	1
35	812	1
35	1349	1
35	1396	1
35	1170	1
35	641	1
35	1364	1
35	890	1
35	1483	1
36	579	1
36	576	1
36	582	1
36	423	1
36	433	1
36	426	1
36	437	1
36	452	1
36	447	1
36	457	1
36	445	1
36	425	1
36	427	1
36	461	1
37	605	1
37	229	1
37	249	1
38	601	1
39	532	1
39	535	1
39	534	1
39	318	1
39	304	1
39	267	1
39	331	1
39	311	1
39	260	1
39	342	1
39	322	1
39	299	1
39	300	1
39	270	1
40	601	1
40	248	1
40	227	1
40	229	1
41	508	1
41	509	1
41	521	1
41	506	1
41	504	1
41	505	1
41	501	1
41	507	1
41	516	1
41	601	1
42	503	1
42	498	1
42	514	1
42	496	1
42	513	1
42	523	1
42	526	1
42	517	1
42	522	1
43	592	1
43	595	1
43	594	1
44	590	1
44	588	1
44	589	1
44	586	1
44	581	1
44	575	1
44	579	1
44	578	1
44	577	1
44	579	1
44	580	1
44	576	1
44	585	1
44	582	1
44	584	1
44	583	1
44	572	1
44	573	1
44	570	1
45	605	1
45	565	1
45	566	1
45	568	1
45	563	1
45	569	1
45	567	1
46	603	1
46	563	1
46	568	1
46	569	1
46	565	1
47	605	1
47	566	1
47	565	1
47	569	1
47	563	1
48	93	1
48	135	1
48	175	1
48	107	1
48	72	1
48	51	1
48	89	1
48	190	1
48	16	1
48	102	1
48	131	1
49	601	1
50	367	1
50	378	1
50	399	1
50	385	1
50	394	1
50	595	1
50	594	1
50	592	1
51	40	1
51	168	1
51	54	1
51	30	1
51	176	1
51	601	1
52	532	1
52	534	1
52	535	1
53	532	1
53	534	1
53	535	1
53	598	1
53	596	1
53	600	1
53	599	1
54	237	1
54	239	1
54	218	1
54	207	1
54	246	1
54	225	1
54	212	1
54	238	1
54	242	1
54	247	1
54	228	1
54	544	1
54	545	1
54	538	1
54	561	1
54	549	1
54	540	1
54	536	1
54	539	1
54	560	1
54	541	1
54	548	1
54	554	1
54	543	1
54	562	1
55	605	1
55	493	1
55	524	1
55	504	1
55	498	1
56	254	1
56	333	1
56	355	1
56	346	1
56	358	1
56	284	1
57	605	1
57	20	1
57	199	1
57	182	1
57	47	1
57	70	1
57	190	1
57	125	1
57	197	1
58	1334	1
58	1020	1
58	1607	1
58	273	1
58	321	1
58	298	1
58	360	1
58	293	1
58	326	1
58	331	1
58	261	1
58	265	1
59	213	1
59	244	1
59	237	1
59	250	1
59	212	1
59	214	1
59	207	1
59	249	1
59	239	1
59	209	1
59	220	1
59	248	1
59	240	1
59	251	1
59	1304	1
59	1548	1
59	865	1
59	911	1
59	1219	1
59	778	1
59	708	1
59	756	1
59	1240	1
59	1590	1
59	1268	1
59	939	1
60	491	1
60	499	1
60	525	1
60	522	1
60	529	1
60	530	1
60	515	1
60	513	1
61	600	1
61	596	1
61	598	1
61	599	1
61	595	1
61	594	1
61	592	1
62	595	1
62	592	1
62	594	1
63	580	1
63	574	1
63	572	1
63	581	1
63	584	1
63	570	1
63	585	1
63	578	1
63	579	1
63	573	1
63	577	1
63	576	1
63	583	1
63	575	1
64	41	1
64	131	1
64	71	1
64	104	1
64	148	1
64	20	1
64	193	1
64	169	1
64	190	1
64	11	1
64	88	1
64	138	1
64	136	1
65	601	1
65	440	1
65	453	1
65	461	1
65	463	1
65	420	1
65	441	1
65	460	1
65	435	1
65	444	1
65	432	1
65	451	1
65	429	1
66	560	1
66	550	1
66	551	1
66	540	1
66	555	1
66	561	1
66	552	1
66	549	1
66	541	1
66	538	1
66	543	1
66	545	1
67	532	1
67	535	1
67	534	1
67	490	1
67	474	1
67	472	1
67	477	1
67	485	1
67	469	1
67	486	1
67	465	1
67	484	1
67	480	1
68	803	1
68	948	1
68	999	1
68	831	1
68	1095	1
68	1123	1
68	713	1
68	721	1
68	1462	1
69	605	1
69	1452	1
69	828	1
69	1544	1
69	972	1
69	1139	1
69	688	1
69	1440	1
69	1448	1
69	1489	1
69	1499	1
69	1419	1
69	1590	1
70	421	1
70	432	1
70	433	1
70	419	1
70	452	1
70	418	1
70	424	1
70	454	1
70	429	1
70	430	1
70	434	1
70	416	1
70	446	1
70	456	1
70	441	1
70	577	1
70	578	1
70	579	1
70	581	1
70	583	1
70	579	1
70	570	1
70	576	1
70	573	1
70	585	1
70	575	1
70	580	1
71	522	1
71	496	1
71	518	1
71	493	1
71	514	1
71	511	1
71	524	1
71	507	1
71	510	1
71	530	1
72	605	1
72	1288	1
72	667	1
72	1590	1
72	698	1
72	655	1
72	899	1
72	627	1
72	938	1
72	957	1
73	605	1
73	601	1
74	534	1
74	532	1
74	579	1
74	583	1
74	582	1
74	584	1
74	575	1
74	581	1
74	570	1
74	585	1
74	574	1
74	573	1
74	578	1
74	576	1
74	572	1
75	603	1
75	362	1
76	603	1
77	483	1
77	569	1
77	568	1
77	565	1
77	567	1
77	566	1
77	563	1
78	525	1
78	509	1
78	501	1
78	491	1
78	513	1
78	514	1
78	511	1
78	508	1
78	530	1
78	527	1
78	524	1
78	494	1
78	493	1
79	400	1
79	405	1
79	406	1
79	376	1
79	408	1
79	389	1
79	372	1
79	173	1
79	102	1
80	621	1
80	1510	1
80	903	1
80	781	1
80	1130	1
80	1063	1
80	724	1
80	611	1
80	876	1
80	1599	1
80	1224	1
80	1193	1
80	1407	1
80	476	1
80	473	1
80	480	1
80	472	1
80	479	1
80	490	1
80	483	1
80	477	1
80	484	1
80	481	1
80	478	1
81	588	1
81	586	1
81	589	1
81	590	1
82	447	1
82	439	1
82	451	1
82	433	1
82	423	1
82	461	1
82	462	1
82	455	1
82	443	1
82	424	1
82	430	1
82	603	1
83	274	1
83	332	1
83	294	1
83	252	1
83	292	1
83	323	1
84	326	1
84	309	1
84	303	1
84	268	1
84	325	1
84	314	1
84	302	1
84	316	1
84	277	1
84	286	1
84	353	1
84	252	1
84	269	1
84	247	1
84	213	1
84	217	1
85	532	1
85	535	1
85	534	1
86	603	1
87	590	1
87	586	1
87	588	1
87	589	1
88	160	1
88	133	1
88	198	1
88	88	1
88	77	1
88	121	1
88	153	1
88	89	1
88	188	1
88	39	1
88	96	1
88	172	1
88	154	1
88	150	1
89	601	1
89	599	1
89	600	1
89	598	1
89	596	1
90	216	1
90	214	1
90	248	1
90	249	1
90	212	1
90	313	1
90	317	1
90	311	1
90	270	1
90	314	1
90	274	1
90	329	1
90	252	1
90	340	1
91	365	1
91	394	1
91	378	1
91	362	1
91	387	1
91	392	1
91	411	1
91	390	1
91	388	1
91	393	1
91	364	1
91	569	1
91	565	1
91	568	1
91	566	1
91	563	1
92	218	1
92	226	1
92	426	1
92	460	1
92	462	1
92	463	1
92	455	1
93	460	1
93	448	1
93	433	1
93	455	1
93	429	1
94	601	1
94	242	1
94	243	1
94	221	1
94	248	1
94	225	1
94	222	1
94	249	1
94	227	1
95	584	1
95	579	1
95	580	1
95	579	1
95	574	1
95	526	1
95	512	1
95	495	1
95	506	1
95	521	1
95	507	1
95	515	1
95	518	1
95	514	1
95	527	1
95	496	1
96	603	1
97	595	1
97	592	1
97	594	1
98	120	1
98	88	1
98	153	1
98	206	1
98	133	1
98	167	1
98	70	1
98	127	1
98	117	1
98	81	1
98	13	1
98	181	1
98	151	1
98	41	1
99	557	1
99	548	1
99	543	1
99	556	1
99	412	1
99	398	1
99	376	1
99	388	1
99	394	1
100	1180	1
100	1203	1
100	1155	1
100	1403	1
100	1093	1
100	906	1
100	763	1
100	904	1
100	397	1
100	399	1
100	392	1
100	378	1
100	375	1
100	411	1
100	383	1
100	395	1
101	601	1
101	577	1
101	576	1
101	578	1
101	583	1
101	574	1
101	579	1
101	581	1
101	582	1
101	573	1
101	584	1
101	580	1
101	570	1
102	575	1
102	584	1
102	572	1
102	579	1
102	577	1
102	581	1
103	546	1
103	540	1
103	552	1
103	555	1
103	560	1
103	538	1
103	542	1
103	544	1
103	558	1
103	547	1
103	549	1
103	554	1
103	536	1
103	543	1
104	605	1
105	600	1
105	598	1
105	596	1
105	599	1
106	578	1
106	579	1
106	575	1
106	570	1
106	577	1
106	580	1
106	573	1
106	572	1
106	576	1
106	585	1
106	584	1
106	583	1
106	579	1
106	478	1
106	483	1
106	487	1
106	485	1
106	481	1
107	7	1
107	201	1
107	163	1
107	179	1
107	82	1
107	49	1
107	192	1
107	150	1
107	58	1
107	15	1
107	91	1
107	44	1
107	61	1
107	38	1
108	528	1
108	506	1
108	499	1
108	603	1
109	566	1
109	569	1
109	568	1
109	567	1
109	563	1
109	565	1
110	534	1
110	535	1
111	592	1
111	595	1
111	379	1
111	386	1
111	372	1
111	362	1
111	392	1
111	390	1
111	365	1
111	402	1
111	376	1
111	385	1
112	532	1
112	535	1
112	534	1
113	491	1
113	503	1
113	507	1
113	501	1
113	505	1
113	521	1
113	520	1
113	510	1
113	603	1
114	563	1
114	568	1
114	569	1
114	566	1
114	565	1
114	399	1
114	384	1
114	395	1
114	380	1
115	605	1
115	579	1
116	600	1
116	598	1
116	599	1
116	596	1
116	465	1
116	487	1
116	479	1
117	598	1
117	599	1
117	596	1
117	600	1
117	1244	1
117	726	1
117	756	1
117	1197	1
117	1142	1
117	1317	1
117	1152	1
117	1543	1
117	621	1
117	907	1
117	1282	1
117	656	1
117	1416	1
117	921	1
118	588	1
118	586	1
118	589	1
118	590	1
118	386	1
118	365	1
119	589	1
119	586	1
119	588	1
119	590	1
120	445	1
120	797	1
120	735	1
120	989	1
120	1162	1
121	226	1
121	215	1
121	229	1
121	250	1
121	246	1
121	239	1
121	235	1
121	227	1
121	222	1
121	1494	1
121	1117	1
121	700	1
121	1333	1
121	1048	1
122	566	1
122	565	1
122	563	1
122	569	1
122	568	1
122	567	1
122	603	1
123	590	1
123	586	1
123	528	1
123	491	1
123	503	1
123	493	1
123	506	1
123	517	1
123	498	1
123	530	1
123	518	1
123	510	1
124	605	1
124	1540	1
124	1198	1
124	654	1
124	652	1
124	1408	1
124	928	1
124	1271	1
124	678	1
124	813	1
125	250	1
125	236	1
125	241	1
126	456	1
126	418	1
126	419	1
126	453	1
126	436	1
126	430	1
126	454	1
126	461	1
126	451	1
127	594	1
127	592	1
127	595	1
128	526	1
128	512	1
128	529	1
128	500	1
128	516	1
128	522	1
128	521	1
128	498	1
128	518	1
128	506	1
128	528	1
128	527	1
128	508	1
128	507	1
128	343	1
128	290	1
128	270	1
128	330	1
128	260	1
128	291	1
128	287	1
128	309	1
128	259	1
128	354	1
128	303	1
128	342	1
128	327	1
128	272	1
129	596	1
129	599	1
129	600	1
129	598	1
129	603	1
130	232	1
130	238	1
130	214	1
130	216	1
130	209	1
130	211	1
130	215	1
130	217	1
130	244	1
130	1187	1
130	1358	1
130	1495	1
130	960	1
130	1550	1
130	1340	1
131	540	1
131	545	1
131	554	1
131	562	1
131	549	1
131	548	1
131	557	1
131	539	1
131	544	1
131	561	1
131	546	1
131	559	1
131	535	1
131	534	1
131	532	1
132	535	1
132	534	1
132	532	1
133	572	1
133	582	1
133	585	1
133	573	1
133	580	1
133	570	1
133	578	1
133	592	1
133	594	1
133	595	1
134	594	1
134	595	1
134	592	1
135	523	1
135	504	1
135	520	1
135	494	1
135	511	1
135	491	1
135	509	1
135	521	1
135	1207	1
136	317	1
136	281	1
136	321	1
136	345	1
136	259	1
136	293	1
136	320	1
136	344	1
136	319	1
136	465	1
136	485	1
136	468	1
136	476	1
136	486	1
136	467	1
136	479	1
137	599	1
137	596	1
137	598	1
137	600	1
137	567	1
137	565	1
137	568	1
137	569	1
137	566	1
137	563	1
138	575	1
138	584	1
138	579	1
138	580	1
138	572	1
138	576	1
138	577	1
138	581	1
138	574	1
138	582	1
138	570	1
138	583	1
139	444	1
139	464	1
139	462	1
139	598	1
139	596	1
139	599	1
139	600	1
140	596	1
140	598	1
140	600	1
140	599	1
141	426	1
141	422	1
141	420	1
141	439	1
141	440	1
141	430	1
141	429	1
141	449	1
141	464	1
141	441	1
141	442	1
141	455	1
141	452	1
141	424	1
141	462	1
141	586	1
141	588	1
141	589	1
141	590	1
142	362	1
143	594	1
143	595	1
143	592	1
143	119	1
143	177	1
143	84	1
143	138	1
144	565	1
144	563	1
144	567	1
144	568	1
144	569	1
145	586	1
145	588	1
145	590	1
145	589	1
145	569	1
145	568	1
145	563	1
145	566	1
145	567	1
145	565	1
146	588	1
146	590	1
146	586	1
146	589	1
147	796	1
147	1032	1
147	1024	1
147	1107	1
147	892	1
147	1325	1
147	943	1
147	759	1
147	1194	1
147	598	1
147	600	1
147	596	1
147	599	1
148	534	1
148	535	1
148	532	1
148	256	1
148	296	1
148	315	1
148	342	1
148	262	1
148	353	1
148	294	1
148	281	1
148	331	1
148	252	1
149	588	1
149	590	1
149	589	1
149	586	1
149	1533	1
149	1433	1
149	1142	1
149	899	1
149	1219	1
149	1281	1
149	1566	1
149	1498	1
149	997	1
149	733	1
149	1464	1
149	1209	1
149	842	1
149	1570	1
150	224	1
150	247	1
150	226	1
150	218	1
150	246	1
150	233	1
150	250	1
150	245	1
150	243	1
150	222	1
150	217	1
150	235	1
150	248	1
151	441	1
151	451	1
151	440	1
151	464	1
151	463	1
151	433	1
151	424	1
151	452	1
151	453	1
151	421	1
151	535	1
151	534	1
151	532	1
152	186	1
152	48	1
152	159	1
152	192	1
152	38	1
152	197	1
152	149	1
152	200	1
152	11	1
152	15	1
152	66	1
153	583	1
153	588	1
153	590	1
153	586	1
153	589	1
154	600	1
154	596	1
154	599	1
155	594	1
156	425	1
156	454	1
156	429	1
156	419	1
156	448	1
156	447	1
156	457	1
156	128	1
157	459	1
157	419	1
157	440	1
157	446	1
157	454	1
157	448	1
158	277	1
158	299	1
158	359	1
158	305	1
158	334	1
158	317	1
158	265	1
158	289	1
159	432	1
159	424	1
159	452	1
159	416	1
159	425	1
159	423	1
159	435	1
159	603	1
160	570	1
160	577	1
160	585	1
160	584	1
160	579	1
160	574	1
160	582	1
160	583	1
160	578	1
160	579	1
160	572	1
160	581	1
160	576	1
160	580	1
160	575	1
160	535	1
160	534	1
161	567	1
161	565	1
161	568	1
161	566	1
162	605	1
162	592	1
162	594	1
162	595	1
163	272	1
163	274	1
163	327	1
163	332	1
163	302	1
163	360	1
163	311	1
163	315	1
163	298	1
163	273	1
163	603	1
164	580	1
164	570	1
164	582	1
164	584	1
164	581	1
164	579	1
164	578	1
164	579	1
164	572	1
164	594	1
164	592	1
164	595	1
165	264	1
165	254	1
165	289	1
165	359	1
165	361	1
165	574	1
165	585	1
165	572	1
166	588	1
166	589	1
166	590	1
166	586	1
166	598	1
166	596	1
166	600	1
166	599	1
167	589	1
167	143	1
167	135	1
167	18	1
167	97	1
167	13	1
167	102	1
167	55	1
167	26	1
167	188	1
167	47	1
167	81	1
167	112	1
167	98	1
167	137	1
168	535	1
168	534	1
168	532	1
168	546	1
168	558	1
168	544	1
168	551	1
168	536	1
168	561	1
168	562	1
169	535	1
169	532	1
169	534	1
170	596	1
170	598	1
170	599	1
170	600	1
171	524	1
171	508	1
171	499	1
171	496	1
171	502	1
171	511	1
171	515	1
171	514	1
172	596	1
172	599	1
172	598	1
172	600	1
173	346	1
173	324	1
173	352	1
173	322	1
173	334	1
173	336	1
173	357	1
173	300	1
173	294	1
173	331	1
173	293	1
173	328	1
173	332	1
174	294	1
174	358	1
174	258	1
174	314	1
174	354	1
174	252	1
175	218	1
175	209	1
175	246	1
175	222	1
175	239	1
175	226	1
175	229	1
175	248	1
175	207	1
175	223	1
175	216	1
175	235	1
175	210	1
176	1348	1
176	640	1
176	1504	1
176	707	1
176	1262	1
176	1591	1
176	1579	1
176	1186	1
177	599	1
177	596	1
177	598	1
177	600	1
177	603	1
178	1179	1
178	629	1
179	590	1
179	581	1
179	570	1
179	580	1
179	572	1
179	574	1
179	576	1
179	584	1
179	579	1
179	583	1
179	585	1
179	577	1
179	579	1
179	575	1
180	45	1
180	205	1
180	20	1
180	122	1
180	182	1
180	37	1
180	119	1
181	565	1
181	568	1
181	325	1
181	286	1
181	338	1
181	280	1
181	349	1
181	267	1
181	265	1
181	317	1
181	335	1
181	319	1
181	285	1
181	334	1
181	299	1
182	598	1
182	596	1
182	600	1
182	599	1
182	312	1
182	325	1
182	318	1
182	324	1
182	354	1
183	248	1
183	239	1
183	601	1
184	487	1
184	472	1
184	467	1
184	476	1
184	603	1
185	567	1
185	566	1
185	569	1
185	565	1
185	563	1
185	568	1
186	418	1
186	456	1
186	423	1
186	437	1
186	434	1
186	557	1
186	550	1
186	541	1
186	559	1
186	551	1
186	555	1
186	560	1
186	548	1
187	605	1
188	470	1
188	481	1
188	467	1
188	484	1
188	469	1
188	211	1
188	215	1
188	228	1
188	219	1
189	565	1
189	563	1
189	568	1
189	566	1
189	567	1
189	569	1
190	601	1
191	558	1
191	560	1
191	541	1
191	543	1
191	553	1
191	561	1
191	550	1
191	556	1
192	487	1
192	479	1
192	475	1
192	467	1
192	482	1
192	470	1
192	485	1
192	476	1
192	489	1
192	486	1
192	472	1
192	1582	1
192	1084	1
192	821	1
192	785	1
193	586	1
193	590	1
193	588	1
193	589	1
194	566	1
194	565	1
194	569	1
194	568	1
194	567	1
194	563	1
194	580	1
194	577	1
194	575	1
194	578	1
194	572	1
194	583	1
194	579	1
194	581	1
195	534	1
195	532	1
195	535	1
195	567	1
195	568	1
195	563	1
195	566	1
196	550	1
196	709	1
196	1597	1
196	1272	1
196	1521	1
196	717	1
196	1119	1
196	812	1
196	1106	1
196	1185	1
196	953	1
196	1411	1
196	645	1
196	1550	1
197	480	1
197	471	1
197	477	1
197	482	1
197	472	1
197	474	1
197	489	1
197	475	1
197	476	1
197	483	1
197	563	1
197	567	1
197	566	1
197	569	1
197	565	1
197	568	1
198	365	1
198	394	1
198	369	1
198	397	1
198	402	1
198	399	1
198	368	1
198	415	1
198	407	1
198	387	1
198	371	1
199	570	1
199	544	1
199	546	1
199	550	1
199	561	1
199	542	1
199	556	1
199	562	1
199	551	1
199	555	1
199	559	1
199	554	1
199	536	1
199	558	1
199	547	1
199	553	1
200	427	1
200	448	1
200	430	1
200	419	1
200	462	1
200	445	1
200	460	1
200	422	1
200	452	1
200	395	1
200	378	1
200	367	1
200	374	1
200	398	1
200	412	1
200	365	1
200	362	1
200	387	1
200	377	1
200	379	1
200	368	1
200	371	1
200	397	1
200	380	1
201	340	1
201	259	1
201	323	1
201	592	1
201	594	1
201	595	1
202	214	1
202	250	1
202	209	1
202	219	1
202	207	1
202	248	1
203	374	1
203	394	1
203	367	1
203	410	1
203	398	1
203	588	1
203	590	1
204	592	1
204	595	1
204	594	1
204	302	1
204	316	1
204	358	1
204	269	1
204	309	1
204	332	1
204	352	1
204	273	1
204	290	1
204	276	1
204	259	1
205	588	1
205	589	1
205	590	1
205	586	1
205	485	1
205	487	1
205	469	1
205	467	1
205	479	1
205	475	1
205	468	1
205	484	1
205	465	1
205	486	1
206	601	1
207	386	1
207	384	1
207	411	1
207	412	1
207	496	1
207	525	1
207	527	1
208	435	1
208	450	1
208	443	1
208	425	1
208	455	1
208	441	1
208	418	1
208	445	1
208	464	1
208	453	1
208	434	1
209	592	1
209	601	1
210	588	1
210	590	1
210	586	1
210	589	1
211	569	1
211	565	1
211	566	1
211	563	1
211	568	1
211	567	1
211	228	1
211	232	1
211	235	1
211	240	1
212	605	1
213	209	1
213	231	1
213	247	1
213	232	1
213	246	1
213	226	1
213	211	1
213	239	1
213	244	1
213	251	1
213	594	1
214	364	1
214	404	1
214	399	1
214	366	1
214	395	1
214	384	1
214	391	1
214	415	1
214	605	1
215	535	1
215	534	1
216	421	1
216	434	1
217	563	1
218	489	1
218	483	1
218	485	1
218	473	1
218	469	1
218	475	1
218	487	1
218	465	1
218	481	1
219	601	1
220	408	1
220	366	1
220	392	1
220	565	1
220	568	1
220	566	1
221	550	1
221	549	1
221	560	1
221	801	1
222	569	1
222	566	1
222	563	1
222	567	1
222	565	1
222	568	1
222	594	1
222	592	1
222	595	1
223	600	1
223	598	1
223	599	1
223	596	1
224	603	1
225	596	1
225	598	1
225	599	1
225	600	1
226	850	1
226	1469	1
226	1146	1
226	1536	1
226	1384	1
226	654	1
226	1442	1
226	1235	1
226	1576	1
226	982	1
226	875	1
226	1307	1
226	603	1
227	588	1
227	586	1
227	589	1
227	590	1
227	546	1
227	548	1
227	553	1
227	541	1
227	556	1
227	550	1
227	545	1
228	600	1
228	598	1
228	596	1
228	599	1
229	579	1
229	574	1
229	581	1
229	585	1
229	576	1
229	572	1
229	573	1
229	570	1
229	583	1
229	577	1
229	584	1
229	575	1
229	578	1
229	582	1
229	580	1
230	592	1
230	595	1
230	594	1
231	368	1
231	601	1
232	595	1
232	594	1
232	592	1
232	473	1
233	534	1
233	532	1
233	535	1
233	601	1
234	555	1
234	548	1
234	546	1
234	553	1
234	536	1
234	541	1
234	554	1
234	539	1
234	601	1
235	603	1
235	490	1
235	469	1
235	465	1
235	478	1
235	475	1
235	482	1
235	486	1
235	472	1
235	481	1
235	488	1
235	485	1
235	489	1
235	477	1
235	487	1
236	797	1
236	1178	1
236	1393	1
236	1241	1
236	1550	1
236	1167	1
237	590	1
237	586	1
237	588	1
237	601	1
238	56	1
238	81	1
238	156	1
238	121	1
238	133	1
238	15	1
238	110	1
239	601	1
239	455	1
239	459	1
239	457	1
239	462	1
239	445	1
239	436	1
239	448	1
239	429	1
239	423	1
240	534	1
240	535	1
240	532	1
241	406	1
241	391	1
241	405	1
241	387	1
241	381	1
241	397	1
241	411	1
241	605	1
242	590	1
242	589	1
242	588	1
242	586	1
243	534	1
243	532	1
243	535	1
244	557	1
244	536	1
244	551	1
244	555	1
244	560	1
244	539	1
244	548	1
244	521	1
244	504	1
244	506	1
244	496	1
244	516	1
244	499	1
244	522	1
244	530	1
244	525	1
244	526	1
244	505	1
244	528	1
245	580	1
245	584	1
245	579	1
245	585	1
245	572	1
245	582	1
245	362	1
245	405	1
245	365	1
245	413	1
245	395	1
245	386	1
245	369	1
245	408	1
246	113	1
246	57	1
246	182	1
246	36	1
246	172	1
246	103	1
246	115	1
246	112	1
246	24	1
246	144	1
246	93	1
246	180	1
246	37	1
246	98	1
246	568	1
246	565	1
246	567	1
246	566	1
246	569	1
246	563	1
247	594	1
247	592	1
247	595	1
248	603	1
248	605	1
249	138	1
250	552	1
250	538	1
250	562	1
250	542	1
250	557	1
250	543	1
250	551	1
250	539	1
250	548	1
251	548	1
251	539	1
251	551	1
251	559	1
252	592	1
252	594	1
252	595	1
252	392	1
252	364	1
252	381	1
253	538	1
253	539	1
253	555	1
253	552	1
253	542	1
253	553	1
253	543	1
253	569	1
254	603	1
255	370	1
255	98	1
255	47	1
255	48	1
255	171	1
255	33	1
255	184	1
255	198	1
255	82	1
255	147	1
255	50	1
255	102	1
255	49	1
255	29	1
255	193	1
255	23	1
256	605	1
256	93	1
256	142	1
256	59	1
256	155	1
256	121	1
256	4	1
256	156	1
256	73	1
256	201	1
256	163	1
256	187	1
256	98	1
256	30	1
256	167	1
256	48	1
257	1287	1
257	1266	1
257	826	1
257	1092	1
257	1486	1
257	673	1
257	997	1
257	1385	1
257	1498	1
257	1144	1
257	852	1
257	1308	1
257	1304	1
258	589	1
258	586	1
258	590	1
258	588	1
259	1443	1
259	1017	1
259	1441	1
259	900	1
259	1349	1
259	1476	1
259	1256	1
259	1522	1
259	1381	1
259	922	1
259	1526	1
259	793	1
259	164	1
260	605	1
260	603	1
261	265	1
261	295	1
261	293	1
261	303	1
261	331	1
261	310	1
261	284	1
261	330	1
261	359	1
261	352	1
261	319	1
261	578	1
261	577	1
261	584	1
261	579	1
261	572	1
261	576	1
261	583	1
261	585	1
261	581	1
261	574	1
261	573	1
262	382	1
262	399	1
262	405	1
262	368	1
262	400	1
262	372	1
262	362	1
262	383	1
262	410	1
262	392	1
263	471	1
263	486	1
263	472	1
263	488	1
263	468	1
263	481	1
263	483	1
263	485	1
263	477	1
263	489	1
263	474	1
263	469	1
263	467	1
263	478	1
263	576	1
263	572	1
263	570	1
263	580	1
263	583	1
263	573	1
263	585	1
263	581	1
263	579	1
263	579	1
263	584	1
264	534	1
264	532	1
264	535	1
264	605	1
265	534	1
265	535	1
265	532	1
265	543	1
265	562	1
265	559	1
265	552	1
266	562	1
266	536	1
266	552	1
266	543	1
267	596	1
267	599	1
267	598	1
267	600	1
267	538	1
267	540	1
267	561	1
267	555	1
267	552	1
267	556	1
267	554	1
267	542	1
267	551	1
267	546	1
267	562	1
267	560	1
267	543	1
267	559	1
267	558	1
268	237	1
268	215	1
268	247	1
268	212	1
268	219	1
268	213	1
268	226	1
268	241	1
268	209	1
268	244	1
268	225	1
268	227	1
268	207	1
268	234	1
268	231	1
269	569	1
269	563	1
269	568	1
269	565	1
269	566	1
269	567	1
270	124	1
270	73	1
270	142	1
270	66	1
270	46	1
270	105	1
270	173	1
270	170	1
270	251	1
270	229	1
270	234	1
270	212	1
270	231	1
270	247	1
270	235	1
270	241	1
270	250	1
271	534	1
271	535	1
271	532	1
272	412	1
272	364	1
272	366	1
272	405	1
272	390	1
272	406	1
272	362	1
272	411	1
272	373	1
272	368	1
272	392	1
272	384	1
272	397	1
272	386	1
273	475	1
273	468	1
273	479	1
273	481	1
273	480	1
273	486	1
273	489	1
273	603	1
274	589	1
274	590	1
274	586	1
274	588	1
275	482	1
275	490	1
275	474	1
275	473	1
275	476	1
275	477	1
275	470	1
275	480	1
275	475	1
275	603	1
276	451	1
276	450	1
276	463	1
276	447	1
276	420	1
276	461	1
276	437	1
276	416	1
276	442	1
276	443	1
276	448	1
277	549	1
277	538	1
277	560	1
277	539	1
277	550	1
277	545	1
277	562	1
277	553	1
277	548	1
277	556	1
277	543	1
277	551	1
277	554	1
277	540	1
277	600	1
277	599	1
277	598	1
277	596	1
278	499	1
278	508	1
278	524	1
278	513	1
279	601	1
280	534	1
280	532	1
280	535	1
281	555	1
281	560	1
281	543	1
281	554	1
281	546	1
281	540	1
282	534	1
282	532	1
282	535	1
282	552	1
282	545	1
282	556	1
282	544	1
282	551	1
282	549	1
282	555	1
282	560	1
283	569	1
283	567	1
283	568	1
283	566	1
283	565	1
283	563	1
283	594	1
283	592	1
283	595	1
284	589	1
284	590	1
284	586	1
284	588	1
285	518	1
285	512	1
285	507	1
285	506	1
285	515	1
285	494	1
285	493	1
285	511	1
286	594	1
286	595	1
286	592	1
286	505	1
286	511	1
287	603	1
287	586	1
287	589	1
287	590	1
287	588	1
288	285	1
288	337	1
288	280	1
288	289	1
288	254	1
288	331	1
288	313	1
288	302	1
288	278	1
288	333	1
288	350	1
288	323	1
289	98	1
289	53	1
289	180	1
289	41	1
289	85	1
289	195	1
289	137	1
289	200	1
289	52	1
289	592	1
289	595	1
289	594	1
290	364	1
290	392	1
290	374	1
290	386	1
290	411	1
290	372	1
290	400	1
290	387	1
290	369	1
290	385	1
290	362	1
290	590	1
290	586	1
290	588	1
290	589	1
291	601	1
291	588	1
291	586	1
291	589	1
292	595	1
292	592	1
292	594	1
293	535	1
293	532	1
293	534	1
294	511	1
294	510	1
294	493	1
294	525	1
294	500	1
294	522	1
294	491	1
294	504	1
294	506	1
294	509	1
294	530	1
294	527	1
294	603	1
295	465	1
295	490	1
295	474	1
295	475	1
295	486	1
295	473	1
295	482	1
295	469	1
295	470	1
295	467	1
295	481	1
295	471	1
296	246	1
296	235	1
296	226	1
296	243	1
296	214	1
296	219	1
296	251	1
296	238	1
296	236	1
296	362	1
296	395	1
296	370	1
296	385	1
296	383	1
296	402	1
296	387	1
296	408	1
296	377	1
296	391	1
296	379	1
296	362	1
296	384	1
297	579	1
297	573	1
297	575	1
297	601	1
298	605	1
298	590	1
299	451	1
299	424	1
299	439	1
299	434	1
299	437	1
299	459	1
299	436	1
299	418	1
299	442	1
299	425	1
299	422	1
300	435	1
300	455	1
300	421	1
300	426	1
301	896	1
301	1416	1
301	1531	1
301	1261	1
301	1482	1
301	762	1
301	682	1
301	1494	1
301	1472	1
301	1517	1
301	1157	1
301	957	1
302	605	1
302	563	1
302	569	1
302	568	1
302	565	1
302	567	1
302	566	1
303	599	1
303	596	1
303	598	1
303	600	1
303	603	1
304	554	1
304	542	1
304	558	1
304	550	1
304	552	1
304	553	1
304	540	1
304	562	1
304	446	1
305	594	1
305	592	1
305	595	1
306	58	1
306	150	1
306	69	1
306	39	1
306	95	1
306	87	1
307	569	1
307	563	1
307	568	1
307	567	1
307	565	1
307	566	1
307	225	1
307	213	1
308	423	1
308	433	1
308	421	1
308	440	1
308	446	1
308	429	1
308	459	1
308	442	1
308	451	1
308	455	1
308	439	1
308	444	1
308	218	1
308	235	1
308	249	1
308	245	1
308	221	1
308	216	1
308	226	1
308	234	1
309	250	1
309	213	1
309	249	1
309	221	1
309	241	1
309	565	1
309	566	1
309	563	1
309	567	1
309	569	1
309	568	1
310	599	1
310	600	1
310	596	1
310	598	1
310	603	1
311	225	1
311	232	1
311	248	1
311	220	1
311	245	1
311	218	1
311	213	1
311	240	1
311	251	1
312	603	1
312	595	1
313	178	1
313	471	1
313	480	1
313	465	1
314	572	1
314	583	1
314	574	1
314	575	1
314	580	1
314	570	1
315	541	1
315	557	1
315	543	1
315	549	1
315	558	1
315	542	1
315	605	1
316	471	1
316	473	1
316	483	1
316	486	1
316	469	1
316	476	1
316	484	1
316	468	1
316	480	1
316	474	1
317	588	1
318	469	1
318	478	1
318	471	1
318	480	1
318	479	1
318	486	1
318	477	1
318	487	1
318	473	1
318	489	1
318	481	1
318	465	1
318	467	1
318	600	1
318	598	1
318	599	1
318	596	1
319	540	1
319	548	1
319	539	1
319	546	1
319	555	1
319	557	1
319	536	1
319	541	1
319	543	1
319	562	1
319	550	1
319	547	1
319	544	1
319	552	1
319	601	1
320	470	1
320	476	1
320	489	1
320	479	1
321	505	1
321	501	1
321	502	1
321	518	1
321	526	1
321	493	1
321	515	1
321	528	1
321	495	1
321	512	1
321	497	1
321	522	1
321	527	1
321	499	1
322	592	1
322	595	1
322	594	1
323	404	1
323	377	1
323	398	1
323	374	1
323	366	1
323	405	1
323	402	1
323	387	1
323	411	1
323	415	1
323	372	1
323	532	1
323	534	1
323	535	1
324	403	1
324	385	1
324	389	1
324	362	1
324	397	1
324	373	1
324	410	1
324	381	1
324	378	1
324	394	1
324	377	1
325	548	1
325	546	1
325	555	1
325	557	1
325	558	1
325	542	1
325	553	1
325	539	1
325	562	1
325	536	1
325	551	1
325	544	1
325	554	1
325	425	1
325	456	1
325	451	1
325	423	1
326	603	1
326	605	1
327	594	1
327	592	1
327	595	1
328	433	1
328	434	1
328	426	1
328	424	1
328	601	1
329	474	1
329	480	1
329	488	1
329	473	1
329	482	1
329	475	1
329	472	1
329	468	1
329	300	1
329	293	1
329	302	1
329	286	1
329	269	1
329	331	1
329	358	1
329	291	1
330	603	1
331	596	1
331	600	1
331	598	1
331	599	1
331	535	1
331	534	1
331	532	1
332	445	1
332	435	1
332	460	1
332	456	1
332	461	1
332	442	1
332	448	1
332	463	1
332	436	1
333	490	1
333	489	1
334	512	1
335	543	1
335	540	1
335	558	1
335	605	1
336	475	1
336	471	1
336	486	1
336	480	1
336	477	1
336	481	1
336	479	1
336	470	1
336	467	1
336	465	1
336	473	1
336	483	1
336	487	1
336	548	1
337	588	1
337	589	1
337	586	1
337	590	1
337	114	1
337	147	1
337	24	1
338	200	1
338	35	1
338	125	1
338	165	1
338	149	1
338	199	1
338	180	1
338	24	1
338	151	1
338	120	1
338	197	1
338	589	1
338	588	1
338	586	1
338	590	1
339	0	1
339	117	1
339	136	1
339	40	1
339	121	1
339	81	1
339	97	1
339	137	1
339	59	1
339	39	1
339	125	1
339	69	1
340	603	1
341	532	1
341	535	1
341	534	1
342	493	1
342	147	1
342	24	1
343	605	1
343	391	1
343	406	1
343	387	1
343	407	1
343	362	1
343	382	1
343	404	1
343	386	1
343	411	1
343	388	1
343	365	1
343	397	1
343	410	1
343	392	1
343	389	1
344	566	1
344	563	1
344	567	1
344	667	1
344	1001	1
344	911	1
344	1475	1
344	1493	1
344	1101	1
344	1339	1
344	635	1
344	1108	1
344	1076	1
344	941	1
344	892	1
344	889	1
344	1411	1
344	1150	1
345	318	1
345	586	1
345	588	1
345	590	1
345	589	1
346	567	1
346	563	1
346	565	1
346	569	1
347	589	1
347	586	1
347	588	1
348	600	1
348	599	1
348	596	1
348	535	1
348	532	1
348	534	1
349	467	1
349	483	1
349	481	1
349	469	1
349	476	1
349	486	1
349	477	1
349	473	1
349	465	1
349	480	1
349	468	1
349	474	1
349	472	1
349	482	1
349	548	1
349	545	1
349	555	1
349	539	1
350	1476	1
350	1531	1
350	1601	1
350	939	1
350	1120	1
350	1316	1
350	1106	1
350	1287	1
350	1433	1
350	1331	1
351	378	1
351	404	1
351	402	1
351	372	1
351	480	1
351	476	1
351	468	1
351	485	1
351	474	1
351	471	1
351	484	1
351	473	1
351	489	1
352	335	1
352	338	1
352	280	1
352	319	1
352	351	1
352	296	1
352	261	1
352	256	1
352	312	1
352	297	1
352	295	1
352	284	1
352	356	1
352	324	1
352	336	1
353	576	1
353	570	1
353	582	1
353	583	1
353	585	1
354	535	1
354	532	1
354	534	1
355	590	1
355	586	1
355	588	1
355	589	1
355	1227	1
355	704	1
355	1530	1
355	1367	1
355	1085	1
355	1060	1
355	1152	1
355	631	1
355	1018	1
355	827	1
355	919	1
355	1351	1
355	1552	1
355	1391	1
355	1119	1
356	601	1
357	1214	1
357	1046	1
357	1359	1
357	1451	1
357	1016	1
357	1080	1
357	1216	1
357	716	1
357	729	1
357	1339	1
357	840	1
357	737	1
357	659	1
357	1455	1
357	590	1
357	588	1
357	586	1
357	589	1
358	575	1
358	570	1
358	574	1
358	582	1
358	421	1
358	449	1
358	455	1
358	437	1
358	460	1
358	456	1
358	444	1
358	443	1
358	451	1
359	601	1
359	603	1
360	238	1
360	250	1
360	244	1
360	231	1
360	241	1
360	227	1
360	215	1
361	370	1
361	389	1
361	366	1
361	403	1
361	402	1
361	394	1
361	381	1
361	376	1
361	392	1
362	555	1
362	558	1
363	532	1
363	534	1
363	535	1
363	553	1
363	555	1
363	552	1
363	554	1
363	538	1
363	546	1
363	551	1
364	594	1
364	595	1
364	592	1
365	245	1
365	217	1
365	207	1
365	247	1
365	222	1
365	248	1
365	249	1
365	242	1
365	238	1
365	210	1
365	223	1
366	228	1
366	250	1
366	222	1
366	207	1
366	532	1
366	535	1
367	233	1
367	216	1
367	247	1
367	242	1
367	225	1
367	232	1
367	235	1
367	211	1
367	224	1
367	219	1
367	221	1
367	1270	1
367	1041	1
367	1225	1
367	1093	1
367	1316	1
367	1457	1
367	1120	1
367	740	1
367	1230	1
367	1176	1
367	607	1
367	869	1
367	1300	1
367	676	1
368	235	1
368	225	1
368	207	1
368	250	1
368	240	1
368	216	1
368	237	1
368	241	1
368	249	1
369	52	1
369	149	1
369	50	1
369	237	1
369	215	1
369	214	1
369	240	1
369	223	1
370	601	1
370	419	1
370	456	1
370	463	1
370	447	1
371	589	1
371	588	1
371	586	1
371	590	1
371	408	1
371	365	1
371	410	1
371	392	1
371	383	1
371	370	1
371	388	1
371	396	1
371	404	1
371	394	1
371	400	1
371	372	1
371	369	1
372	582	1
372	573	1
372	580	1
372	575	1
372	577	1
372	578	1
372	584	1
372	576	1
372	570	1
372	572	1
372	581	1
372	579	1
372	579	1
373	117	1
373	4	1
373	199	1
373	68	1
373	54	1
373	160	1
373	265	1
373	296	1
373	287	1
373	300	1
373	333	1
373	343	1
374	538	1
374	542	1
375	230	1
375	232	1
375	248	1
375	217	1
375	218	1
375	219	1
375	214	1
375	243	1
375	245	1
375	238	1
375	242	1
375	213	1
375	231	1
376	130	1
376	131	1
376	102	1
376	36	1
376	70	1
376	80	1
376	112	1
376	81	1
376	85	1
376	68	1
376	27	1
376	77	1
376	62	1
376	11	1
376	137	1
377	600	1
377	598	1
377	599	1
377	596	1
378	504	1
378	523	1
378	512	1
379	137	1
379	126	1
379	166	1
379	105	1
379	110	1
379	197	1
379	76	1
379	87	1
379	85	1
379	148	1
379	125	1
379	150	1
379	50	1
379	556	1
379	553	1
379	536	1
379	559	1
379	539	1
379	542	1
379	538	1
379	551	1
379	560	1
379	547	1
379	546	1
379	562	1
380	1314	1
380	869	1
380	1432	1
380	1143	1
380	710	1
380	1261	1
380	1418	1
380	892	1
380	992	1
380	800	1
381	491	1
381	362	1
381	384	1
381	392	1
381	369	1
381	362	1
381	386	1
382	532	1
382	535	1
382	534	1
382	605	1
383	434	1
383	455	1
383	452	1
383	426	1
383	439	1
383	423	1
383	459	1
383	447	1
383	460	1
383	421	1
383	448	1
384	569	1
385	478	1
385	473	1
385	467	1
385	470	1
385	472	1
385	475	1
385	488	1
385	489	1
385	465	1
385	486	1
385	485	1
385	476	1
385	477	1
386	319	1
386	327	1
386	252	1
386	601	1
387	598	1
387	596	1
387	600	1
387	599	1
388	601	1
389	410	1
389	385	1
389	386	1
389	394	1
389	373	1
389	397	1
389	382	1
389	381	1
389	393	1
389	377	1
389	578	1
389	574	1
390	1572	1
390	1322	1
390	669	1
390	1269	1
390	1343	1
390	615	1
390	1302	1
391	220	1
391	216	1
391	243	1
391	244	1
391	227	1
391	210	1
391	237	1
391	223	1
391	233	1
391	1189	1
391	897	1
391	1341	1
391	908	1
391	815	1
391	1458	1
391	1514	1
392	521	1
392	501	1
392	491	1
392	528	1
392	504	1
392	493	1
392	512	1
392	518	1
392	526	1
393	601	1
393	129	1
393	131	1
393	136	1
393	132	1
393	27	1
393	89	1
393	187	1
393	72	1
393	88	1
393	83	1
394	534	1
394	535	1
394	532	1
395	511	1
396	1333	1
396	898	1
396	592	1
396	595	1
396	594	1
397	218	1
397	220	1
397	226	1
397	246	1
397	224	1
397	227	1
397	235	1
397	251	1
397	242	1
397	250	1
397	229	1
397	249	1
397	233	1
397	216	1
397	228	1
398	552	1
398	547	1
398	551	1
398	557	1
398	543	1
398	558	1
398	555	1
398	542	1
399	232	1
399	222	1
399	225	1
399	251	1
399	243	1
399	231	1
399	217	1
399	233	1
399	250	1
399	211	1
399	236	1
399	209	1
399	224	1
399	226	1
399	239	1
399	603	1
400	596	1
400	574	1
400	570	1
400	583	1
400	585	1
400	581	1
400	579	1
401	570	1
401	217	1
401	220	1
401	238	1
402	573	1
402	579	1
402	580	1
402	576	1
402	579	1
402	572	1
402	581	1
402	583	1
402	585	1
402	582	1
403	601	1
404	240	1
404	221	1
404	549	1
404	556	1
404	541	1
404	544	1
404	542	1
404	560	1
404	554	1
404	548	1
404	547	1
404	551	1
404	536	1
404	553	1
404	562	1
405	427	1
405	416	1
405	437	1
405	425	1
405	444	1
405	423	1
405	451	1
405	418	1
405	421	1
405	600	1
405	596	1
405	598	1
406	592	1
406	594	1
406	595	1
406	535	1
406	534	1
406	532	1
407	648	1
407	796	1
407	1036	1
407	1338	1
407	659	1
407	1100	1
407	901	1
407	869	1
407	785	1
407	623	1
407	706	1
408	359	1
408	293	1
408	282	1
408	276	1
408	304	1
408	325	1
408	301	1
408	328	1
408	299	1
408	334	1
408	269	1
408	355	1
408	277	1
408	298	1
408	289	1
408	586	1
408	589	1
408	588	1
408	590	1
409	219	1
409	233	1
409	210	1
409	213	1
409	224	1
409	215	1
409	236	1
409	246	1
410	605	1
410	508	1
410	523	1
411	589	1
412	145	1
412	58	1
412	151	1
412	56	1
412	93	1
412	605	1
413	420	1
413	442	1
413	445	1
413	449	1
413	453	1
413	421	1
413	441	1
413	483	1
413	472	1
413	467	1
413	477	1
413	478	1
413	469	1
413	476	1
413	488	1
413	481	1
413	465	1
413	486	1
413	487	1
413	468	1
413	485	1
414	222	1
414	216	1
414	248	1
414	214	1
414	209	1
414	207	1
414	217	1
414	238	1
414	212	1
414	220	1
414	226	1
414	235	1
414	231	1
414	242	1
414	233	1
415	592	1
415	594	1
415	595	1
415	539	1
415	553	1
415	538	1
415	544	1
415	542	1
415	547	1
416	485	1
416	468	1
417	601	1
417	544	1
417	562	1
417	541	1
417	548	1
417	559	1
417	550	1
417	536	1
418	603	1
419	347	1
419	259	1
419	343	1
419	360	1
419	344	1
420	601	1
421	558	1
421	555	1
421	560	1
421	553	1
421	541	1
421	536	1
421	234	1
421	217	1
421	241	1
421	231	1
421	214	1
421	232	1
421	223	1
421	244	1
422	408	1
422	391	1
422	390	1
422	598	1
422	599	1
422	596	1
422	600	1
423	488	1
423	485	1
423	477	1
423	480	1
423	484	1
423	465	1
424	473	1
424	487	1
424	478	1
424	467	1
424	471	1
424	480	1
424	470	1
424	474	1
424	490	1
424	465	1
424	468	1
424	479	1
424	570	1
424	583	1
424	580	1
424	574	1
424	573	1
424	584	1
424	575	1
424	585	1
424	572	1
424	576	1
424	581	1
424	582	1
424	578	1
425	554	1
425	549	1
426	392	1
426	386	1
426	413	1
426	404	1
426	368	1
426	362	1
426	369	1
426	405	1
426	388	1
426	403	1
426	379	1
426	391	1
426	364	1
427	601	1
427	806	1
427	896	1
427	786	1
427	879	1
427	1379	1
427	1468	1
427	912	1
427	698	1
427	1135	1
427	217	1
427	766	1
427	804	1
427	1424	1
427	934	1
428	236	1
428	248	1
428	229	1
428	247	1
428	563	1
428	567	1
428	565	1
429	601	1
430	171	1
430	33	1
430	59	1
430	69	1
430	84	1
430	133	1
430	117	1
430	51	1
430	161	1
430	522	1
430	504	1
430	501	1
430	520	1
430	491	1
430	509	1
430	497	1
431	270	1
431	266	1
431	360	1
431	286	1
431	247	1
431	246	1
431	238	1
431	215	1
431	210	1
431	242	1
431	250	1
431	248	1
431	234	1
431	232	1
431	222	1
431	213	1
431	216	1
431	241	1
431	227	1
432	605	1
433	534	1
433	532	1
433	535	1
434	535	1
434	532	1
434	534	1
434	1438	1
434	934	1
434	826	1
434	1527	1
434	933	1
434	1143	1
434	965	1
434	852	1
434	963	1
434	1156	1
435	823	1
435	1345	1
435	1055	1
435	690	1
436	601	1
436	465	1
436	482	1
436	475	1
436	473	1
436	467	1
437	535	1
437	534	1
437	532	1
438	241	1
438	213	1
438	249	1
438	236	1
438	207	1
438	209	1
438	230	1
438	224	1
438	219	1
438	222	1
438	248	1
438	226	1
438	246	1
439	476	1
439	465	1
439	483	1
439	481	1
439	475	1
439	485	1
439	478	1
439	471	1
439	400	1
440	1007	1
440	880	1
440	1241	1
440	1028	1
440	1189	1
441	598	1
441	600	1
441	599	1
441	384	1
441	402	1
441	411	1
441	364	1
441	373	1
441	370	1
441	413	1
441	393	1
441	414	1
441	376	1
441	400	1
441	395	1
441	388	1
441	382	1
442	598	1
442	600	1
442	599	1
442	596	1
442	532	1
442	535	1
443	596	1
443	600	1
443	598	1
443	599	1
443	771	1
443	648	1
443	1188	1
443	1265	1
443	1084	1
443	1527	1
443	1420	1
443	850	1
443	869	1
443	855	1
443	1317	1
443	1570	1
443	1142	1
444	583	1
444	584	1
444	573	1
445	465	1
445	485	1
445	473	1
445	475	1
445	476	1
445	480	1
445	489	1
445	487	1
445	488	1
445	471	1
445	472	1
445	477	1
445	352	1
445	301	1
446	292	1
446	322	1
446	312	1
446	272	1
446	346	1
446	331	1
446	340	1
446	276	1
446	605	1
447	603	1
448	535	1
448	532	1
448	534	1
448	594	1
448	595	1
448	592	1
449	456	1
449	446	1
449	439	1
449	433	1
449	437	1
449	441	1
449	426	1
449	464	1
449	457	1
449	421	1
449	438	1
449	419	1
449	436	1
449	452	1
449	424	1
449	595	1
449	592	1
449	594	1
450	555	1
450	541	1
451	595	1
451	592	1
451	594	1
451	588	1
451	586	1
451	589	1
451	590	1
452	505	1
452	521	1
453	542	1
453	561	1
453	562	1
453	554	1
453	549	1
453	545	1
453	552	1
453	547	1
453	559	1
453	541	1
454	601	1
455	214	1
455	228	1
455	247	1
455	209	1
455	212	1
455	605	1
456	289	1
456	258	1
456	331	1
456	332	1
456	306	1
456	356	1
456	345	1
457	376	1
457	377	1
457	373	1
458	251	1
458	240	1
458	247	1
459	412	1
459	386	1
459	365	1
459	397	1
459	364	1
459	367	1
459	410	1
459	407	1
459	413	1
459	408	1
459	384	1
459	403	1
459	219	1
459	230	1
459	243	1
459	237	1
459	220	1
460	558	1
460	550	1
460	548	1
460	552	1
460	554	1
460	561	1
460	559	1
461	373	1
461	404	1
461	364	1
461	680	1
461	717	1
461	871	1
462	605	1
463	38	1
463	133	1
464	362	1
464	372	1
464	381	1
464	402	1
464	364	1
464	399	1
464	392	1
464	371	1
465	209	1
465	242	1
465	210	1
465	213	1
466	268	1
466	342	1
466	297	1
466	285	1
466	280	1
466	259	1
466	294	1
466	308	1
466	260	1
466	289	1
466	252	1
467	592	1
467	594	1
467	595	1
468	578	1
468	580	1
468	582	1
468	570	1
468	584	1
469	578	1
469	583	1
469	570	1
469	576	1
469	577	1
469	584	1
469	270	1
469	282	1
469	256	1
469	325	1
469	273	1
469	350	1
469	311	1
469	274	1
469	295	1
469	317	1
469	308	1
469	337	1
469	321	1
469	316	1
469	351	1
470	265	1
471	589	1
471	586	1
471	588	1
471	590	1
472	601	1
473	350	1
473	337	1
473	339	1
473	271	1
473	352	1
473	338	1
473	294	1
473	345	1
473	341	1
473	270	1
473	358	1
473	295	1
473	351	1
473	274	1
473	265	1
473	392	1
473	378	1
473	412	1
473	393	1
473	388	1
473	406	1
473	381	1
473	395	1
473	375	1
473	367	1
473	382	1
473	383	1
474	444	1
474	451	1
474	418	1
474	427	1
475	474	1
475	483	1
475	484	1
475	477	1
475	470	1
475	388	1
475	372	1
475	373	1
476	590	1
476	586	1
476	589	1
476	588	1
477	751	1
477	699	1
478	595	1
478	594	1
478	592	1
478	605	1
479	848	1
479	1002	1
479	1558	1
479	1494	1
479	1172	1
479	761	1
479	753	1
479	1233	1
479	1474	1
479	1330	1
479	1497	1
479	786	1
479	957	1
479	1051	1
479	471	1
479	477	1
479	479	1
479	483	1
479	468	1
479	473	1
479	472	1
479	475	1
479	490	1
479	474	1
479	481	1
479	478	1
480	472	1
480	471	1
480	485	1
480	475	1
480	470	1
480	487	1
480	490	1
480	477	1
480	483	1
480	479	1
480	484	1
480	481	1
480	563	1
480	565	1
480	568	1
480	567	1
480	569	1
480	566	1
481	508	1
481	529	1
481	520	1
481	519	1
481	524	1
481	503	1
481	493	1
481	498	1
481	532	1
481	535	1
481	534	1
482	415	1
482	383	1
482	362	1
482	402	1
482	408	1
482	413	1
482	405	1
482	384	1
482	390	1
482	366	1
482	391	1
482	399	1
482	414	1
482	387	1
482	275	1
482	350	1
482	294	1
482	286	1
482	270	1
482	351	1
482	304	1
482	258	1
482	326	1
482	318	1
482	254	1
482	276	1
482	305	1
483	1580	1
483	1333	1
483	1102	1
483	1492	1
483	637	1
483	720	1
483	1450	1
483	1547	1
483	1204	1
483	806	1
483	1173	1
483	535	1
483	534	1
483	532	1
484	396	1
484	362	1
484	391	1
484	403	1
484	406	1
484	385	1
485	600	1
485	599	1
485	596	1
485	598	1
486	575	1
486	581	1
486	582	1
486	576	1
486	572	1
487	489	1
487	477	1
487	468	1
487	476	1
487	465	1
487	475	1
487	482	1
487	480	1
487	470	1
487	481	1
487	1217	1
487	1266	1
487	1598	1
488	543	1
488	545	1
488	555	1
488	542	1
488	551	1
488	557	1
488	562	1
488	549	1
488	517	1
488	524	1
488	529	1
488	518	1
488	528	1
488	521	1
488	491	1
488	520	1
488	502	1
488	494	1
488	515	1
489	601	1
490	383	1
490	413	1
490	364	1
491	242	1
491	213	1
491	234	1
491	217	1
491	207	1
491	231	1
491	246	1
491	244	1
491	230	1
491	225	1
491	251	1
491	493	1
491	522	1
491	512	1
491	517	1
491	509	1
491	499	1
491	508	1
491	519	1
491	496	1
492	582	1
493	605	1
494	479	1
494	467	1
494	481	1
494	483	1
494	487	1
494	465	1
494	472	1
494	474	1
495	237	1
495	230	1
495	239	1
495	227	1
495	248	1
495	228	1
495	233	1
496	581	1
497	370	1
497	387	1
497	381	1
497	372	1
497	397	1
497	394	1
497	390	1
497	362	1
497	413	1
498	535	1
498	534	1
498	532	1
499	596	1
499	599	1
499	600	1
499	598	1
500	599	1
500	598	1
500	605	1
501	107	1
501	11	1
501	96	1
501	55	1
501	172	1
501	48	1
501	186	1
501	160	1
501	24	1
501	66	1
501	27	1
501	592	1
501	594	1
501	595	1
502	599	1
502	598	1
502	600	1
502	596	1
502	603	1
503	605	1
503	281	1
503	336	1
503	266	1
503	359	1
503	318	1
503	342	1
504	589	1
504	588	1
504	590	1
504	586	1
504	526	1
504	508	1
505	501	1
505	520	1
506	595	1
506	594	1
506	592	1
506	588	1
506	589	1
506	590	1
506	586	1
507	576	1
507	582	1
507	581	1
507	585	1
507	578	1
507	570	1
507	583	1
507	579	1
507	574	1
508	217	1
508	224	1
508	207	1
508	218	1
508	239	1
508	251	1
509	575	1
509	578	1
509	596	1
509	599	1
509	600	1
509	598	1
510	588	1
510	586	1
510	589	1
510	590	1
511	452	1
511	437	1
511	419	1
511	435	1
511	456	1
511	440	1
511	423	1
511	603	1
512	603	1
512	596	1
512	599	1
512	598	1
512	600	1
513	414	1
514	592	1
514	595	1
514	594	1
515	555	1
516	599	1
516	600	1
516	598	1
516	596	1
517	559	1
517	540	1
517	553	1
517	536	1
517	541	1
517	546	1
517	556	1
517	470	1
517	482	1
517	477	1
517	484	1
518	498	1
518	496	1
518	527	1
518	510	1
518	530	1
518	507	1
518	601	1
519	487	1
520	316	1
520	336	1
520	605	1
521	460	1
521	461	1
521	439	1
522	442	1
522	441	1
522	450	1
522	463	1
522	416	1
522	462	1
522	430	1
523	415	1
523	366	1
523	367	1
523	385	1
523	368	1
523	364	1
523	372	1
524	590	1
524	586	1
524	588	1
524	589	1
524	546	1
524	561	1
525	223	1
525	211	1
525	228	1
525	227	1
525	246	1
525	217	1
525	464	1
525	450	1
525	435	1
525	451	1
525	420	1
525	461	1
525	438	1
525	462	1
525	459	1
525	452	1
525	429	1
526	501	1
526	495	1
526	512	1
526	499	1
526	504	1
526	523	1
526	514	1
526	513	1
526	521	1
526	528	1
526	511	1
527	534	1
527	535	1
527	532	1
528	605	1
528	796	1
528	776	1
528	689	1
528	646	1
528	1332	1
528	1119	1
528	1331	1
528	1131	1
528	746	1
528	771	1
528	612	1
528	1211	1
528	1359	1
529	81	1
529	167	1
529	16	1
529	205	1
529	151	1
529	0	1
529	45	1
530	535	1
530	532	1
530	534	1
530	580	1
530	570	1
530	573	1
530	578	1
530	579	1
530	582	1
530	584	1
530	572	1
530	574	1
530	577	1
530	583	1
530	575	1
530	576	1
530	579	1
530	585	1
531	213	1
532	1558	1
532	1062	1
532	1049	1
532	778	1
532	1542	1
532	1431	1
532	1238	1
532	1607	1
532	1195	1
532	1600	1
532	646	1
532	1239	1
532	1398	1
532	1253	1
532	420	1
532	447	1
533	556	1
533	545	1
533	536	1
533	561	1
533	560	1
533	558	1
533	547	1
533	539	1
533	557	1
534	105	1
534	103	1
534	72	1
534	175	1
534	80	1
535	1244	1
535	828	1
535	746	1
535	819	1
535	1151	1
535	1581	1
535	986	1
535	1393	1
535	1603	1
535	1315	1
535	901	1
535	619	1
535	759	1
535	1467	1
536	596	1
536	598	1
536	599	1
536	600	1
536	379	1
536	397	1
536	405	1
536	404	1
536	387	1
536	385	1
536	389	1
536	406	1
536	391	1
536	375	1
536	370	1
536	376	1
536	362	1
536	413	1
536	382	1
537	556	1
537	551	1
537	555	1
537	539	1
537	550	1
537	557	1
537	561	1
537	1084	1
537	964	1
537	1538	1
537	627	1
537	954	1
537	1112	1
537	1315	1
538	217	1
538	246	1
538	241	1
538	232	1
538	209	1
538	226	1
538	245	1
538	221	1
538	216	1
539	400	1
539	398	1
539	471	1
539	481	1
539	488	1
539	482	1
539	472	1
539	476	1
539	478	1
539	486	1
539	483	1
539	473	1
539	474	1
539	480	1
539	490	1
539	484	1
539	485	1
540	474	1
540	481	1
540	468	1
540	482	1
540	477	1
540	535	1
540	534	1
540	532	1
541	588	1
541	589	1
541	590	1
541	586	1
541	601	1
542	596	1
542	600	1
542	599	1
542	598	1
543	601	1
543	588	1
543	589	1
543	590	1
543	586	1
544	290	1
544	329	1
544	320	1
544	343	1
545	388	1
545	396	1
545	386	1
545	371	1
545	379	1
545	366	1
545	382	1
545	402	1
545	392	1
546	568	1
546	563	1
546	566	1
546	565	1
546	567	1
546	569	1
546	603	1
547	411	1
547	379	1
547	372	1
547	405	1
547	407	1
547	368	1
547	413	1
547	388	1
547	366	1
547	396	1
548	122	1
548	27	1
548	51	1
548	139	1
548	127	1
548	130	1
548	173	1
548	29	1
548	38	1
548	199	1
548	137	1
548	172	1
548	105	1
548	58	1
548	590	1
548	586	1
548	589	1
548	588	1
549	1445	1
549	808	1
549	1556	1
549	1513	1
549	1582	1
549	1583	1
549	1078	1
549	961	1
549	1489	1
549	1435	1
549	1344	1
549	429	1
549	420	1
549	446	1
549	453	1
549	439	1
549	464	1
549	440	1
550	580	1
550	579	1
550	578	1
550	572	1
550	577	1
550	582	1
550	584	1
550	585	1
551	529	1
551	524	1
551	505	1
551	502	1
551	503	1
551	496	1
551	499	1
551	491	1
551	511	1
551	526	1
552	603	1
552	592	1
552	595	1
552	594	1
553	0	1
553	78	1
553	102	1
553	100	1
553	16	1
553	75	1
553	198	1
553	250	1
553	232	1
553	216	1
553	243	1
553	247	1
553	228	1
553	236	1
553	224	1
553	222	1
553	248	1
553	229	1
553	211	1
553	220	1
553	244	1
554	248	1
554	237	1
554	232	1
554	211	1
554	223	1
554	212	1
554	229	1
554	207	1
554	224	1
555	51	1
555	26	1
555	126	1
556	392	1
556	373	1
556	384	1
556	380	1
556	385	1
556	366	1
556	388	1
556	411	1
556	368	1
556	382	1
556	408	1
556	407	1
556	412	1
556	387	1
556	403	1
556	605	1
557	470	1
557	483	1
557	476	1
557	534	1
557	532	1
557	535	1
558	603	1
558	384	1
558	366	1
558	400	1
558	414	1
558	393	1
558	392	1
558	373	1
558	365	1
558	413	1
558	391	1
558	362	1
558	388	1
558	383	1
559	478	1
559	473	1
559	486	1
559	471	1
559	479	1
559	465	1
559	483	1
559	490	1
559	470	1
559	474	1
559	482	1
559	485	1
559	487	1
560	223	1
560	226	1
560	221	1
560	234	1
560	232	1
560	224	1
561	585	1
561	574	1
561	582	1
561	573	1
561	570	1
561	580	1
561	577	1
561	578	1
561	572	1
561	576	1
561	575	1
561	584	1
561	581	1
562	476	1
562	490	1
562	475	1
562	479	1
562	472	1
562	488	1
563	1379	1
563	1362	1
563	945	1
563	1434	1
563	1089	1
563	899	1
563	746	1
563	1510	1
564	588	1
564	589	1
564	590	1
564	586	1
564	562	1
564	545	1
564	541	1
565	211	1
565	251	1
565	224	1
565	209	1
565	239	1
565	218	1
565	222	1
565	240	1
565	235	1
565	601	1
566	535	1
566	534	1
566	1444	1
566	1246	1
566	1285	1
566	1216	1
566	1384	1
566	795	1
566	1048	1
566	1027	1
566	1483	1
567	201	1
567	193	1
567	120	1
567	149	1
567	7	1
567	15	1
567	62	1
567	165	1
567	57	1
567	182	1
567	124	1
567	192	1
567	110	1
567	10	1
567	185	1
568	408	1
568	381	1
568	396	1
568	410	1
568	385	1
568	397	1
568	399	1
568	555	1
568	542	1
568	550	1
568	559	1
568	561	1
568	540	1
568	552	1
568	536	1
568	557	1
568	554	1
568	558	1
568	541	1
568	546	1
568	560	1
568	562	1
569	484	1
569	476	1
569	481	1
569	473	1
570	490	1
570	480	1
570	487	1
570	475	1
570	758	1
570	1444	1
570	732	1
571	1406	1
571	1081	1
571	776	1
571	970	1
571	1496	1
571	990	1
571	539	1
571	554	1
571	542	1
571	562	1
571	549	1
571	548	1
571	536	1
571	550	1
571	561	1
571	545	1
572	286	1
572	356	1
573	600	1
574	592	1
574	595	1
574	594	1
574	225	1
574	216	1
574	209	1
574	250	1
574	212	1
574	213	1
574	251	1
574	219	1
574	220	1
574	207	1
575	365	1
575	403	1
575	398	1
576	4	1
576	84	1
576	61	1
576	102	1
576	174	1
576	103	1
576	79	1
576	178	1
576	150	1
576	172	1
576	105	1
576	155	1
576	1054	1
576	832	1
576	1241	1
576	636	1
576	737	1
577	543	1
577	556	1
577	544	1
577	554	1
577	540	1
577	539	1
577	561	1
577	551	1
577	557	1
577	548	1
577	536	1
577	538	1
577	545	1
577	562	1
578	567	1
578	566	1
578	568	1
578	563	1
578	569	1
578	565	1
579	298	1
579	265	1
579	252	1
579	326	1
579	294	1
579	307	1
579	261	1
579	259	1
579	332	1
579	323	1
579	304	1
579	346	1
579	94	1
579	59	1
580	598	1
580	599	1
580	596	1
580	600	1
580	405	1
580	388	1
581	563	1
581	569	1
581	566	1
581	567	1
581	565	1
581	568	1
581	233	1
581	216	1
581	245	1
581	217	1
581	231	1
581	218	1
581	241	1
582	590	1
582	589	1
582	588	1
582	586	1
583	406	1
583	382	1
583	369	1
583	395	1
583	404	1
583	385	1
583	362	1
583	410	1
583	405	1
583	398	1
583	375	1
583	603	1
584	539	1
584	536	1
584	562	1
584	550	1
584	542	1
584	559	1
584	560	1
584	556	1
584	561	1
584	540	1
584	545	1
584	553	1
584	546	1
584	436	1
584	463	1
584	457	1
584	454	1
584	441	1
584	442	1
584	419	1
585	210	1
585	212	1
585	230	1
586	423	1
586	462	1
586	421	1
586	432	1
586	418	1
586	420	1
586	434	1
586	449	1
586	446	1
586	463	1
586	453	1
586	416	1
587	598	1
587	599	1
587	600	1
587	596	1
587	405	1
587	371	1
587	380	1
587	378	1
587	385	1
587	362	1
587	390	1
587	368	1
587	397	1
588	592	1
588	594	1
588	1167	1
588	985	1
588	1539	1
588	881	1
588	1401	1
588	809	1
588	883	1
588	788	1
588	677	1
588	925	1
588	841	1
589	601	1
589	300	1
589	269	1
589	353	1
589	252	1
589	271	1
589	348	1
589	295	1
589	275	1
589	350	1
589	292	1
590	970	1
590	1242	1
590	1034	1
590	1129	1
590	696	1
590	920	1
590	1187	1
590	749	1
590	1128	1
590	1573	1
591	449	1
591	429	1
591	451	1
591	441	1
591	454	1
592	605	1
593	347	1
593	321	1
593	334	1
593	288	1
593	605	1
594	516	1
594	520	1
594	499	1
594	518	1
594	506	1
594	513	1
594	525	1
595	596	1
596	601	1
597	605	1
598	407	1
598	605	1
599	567	1
599	566	1
599	569	1
599	563	1
599	565	1
599	568	1
599	841	1
599	783	1
599	917	1
599	821	1
599	765	1
599	1579	1
599	819	1
599	1395	1
599	720	1
599	1593	1
599	1155	1
599	794	1
599	964	1
600	599	1
600	598	1
600	600	1
600	596	1
600	210	1
600	214	1
600	221	1
600	248	1
600	235	1
600	230	1
600	241	1
600	216	1
600	238	1
600	207	1
600	213	1
600	225	1
600	209	1
600	217	1
600	228	1
601	569	1
601	563	1
601	567	1
601	568	1
601	565	1
602	391	1
602	362	1
602	388	1
602	393	1
602	384	1
602	407	1
602	375	1
602	415	1
602	404	1
602	383	1
602	412	1
602	372	1
602	371	1
602	390	1
603	589	1
603	590	1
603	586	1
603	588	1
603	320	1
603	317	1
603	270	1
603	275	1
603	335	1
603	347	1
603	284	1
603	288	1
603	358	1
603	306	1
603	313	1
603	252	1
603	338	1
603	279	1
603	294	1
604	563	1
604	567	1
604	566	1
604	568	1
604	569	1
604	565	1
605	601	1
606	131	1
606	37	1
606	39	1
606	187	1
606	157	1
606	159	1
606	147	1
606	135	1
606	112	1
606	50	1
606	86	1
606	185	1
607	532	1
607	534	1
607	535	1
607	84	1
607	86	1
607	145	1
607	188	1
608	394	1
608	390	1
608	383	1
608	365	1
608	368	1
608	410	1
608	393	1
608	381	1
608	399	1
608	364	1
608	384	1
608	596	1
608	599	1
608	598	1
608	600	1
609	320	1
609	321	1
609	351	1
609	349	1
609	303	1
609	284	1
609	485	1
610	595	1
610	592	1
610	594	1
610	603	1
611	884	1
611	1028	1
611	1416	1
611	669	1
612	605	1
613	93	1
613	138	1
613	517	1
613	504	1
613	526	1
613	510	1
613	512	1
613	515	1
613	508	1
613	519	1
613	528	1
613	509	1
613	523	1
614	476	1
614	474	1
614	487	1
614	480	1
614	479	1
614	483	1
614	485	1
614	488	1
614	475	1
614	469	1
614	490	1
614	468	1
615	605	1
616	433	1
616	460	1
616	451	1
616	463	1
616	447	1
616	436	1
616	432	1
616	425	1
616	450	1
616	592	1
616	595	1
616	594	1
617	524	1
617	503	1
617	508	1
617	517	1
617	497	1
617	510	1
617	528	1
617	502	1
617	493	1
617	501	1
617	509	1
617	527	1
617	513	1
617	523	1
617	504	1
618	171	1
618	37	1
618	29	1
618	45	1
618	131	1
618	125	1
618	91	1
619	479	1
619	468	1
619	486	1
619	485	1
619	467	1
619	477	1
619	465	1
619	470	1
619	474	1
619	478	1
620	605	1
620	213	1
620	221	1
620	246	1
620	224	1
620	226	1
620	227	1
620	218	1
621	589	1
621	588	1
621	590	1
621	586	1
621	600	1
621	598	1
621	596	1
621	599	1
622	605	1
623	832	1
623	1490	1
623	736	1
623	954	1
624	601	1
625	522	1
625	493	1
625	505	1
626	590	1
627	469	1
627	482	1
627	605	1
628	601	1
628	600	1
628	596	1
628	599	1
628	598	1
629	605	1
630	920	1
630	1521	1
630	718	1
630	1052	1
630	1169	1
630	605	1
631	601	1
632	567	1
632	563	1
632	566	1
632	569	1
632	396	1
632	362	1
632	411	1
632	405	1
632	404	1
632	384	1
632	403	1
632	365	1
632	400	1
632	398	1
632	382	1
632	369	1
632	374	1
632	364	1
633	547	1
633	551	1
633	549	1
633	553	1
633	542	1
633	548	1
633	550	1
633	552	1
633	561	1
633	543	1
633	544	1
633	605	1
634	293	1
634	270	1
634	353	1
634	312	1
634	344	1
634	305	1
634	306	1
635	166	1
635	68	1
635	10	1
635	11	1
635	27	1
635	35	1
635	133	1
635	88	1
635	174	1
635	154	1
635	113	1
635	66	1
635	36	1
635	1055	1
635	1047	1
635	1484	1
635	632	1
635	1106	1
635	1594	1
635	749	1
635	1437	1
635	1182	1
635	904	1
635	1072	1
635	930	1
636	567	1
637	563	1
637	567	1
637	568	1
637	569	1
637	565	1
637	566	1
637	522	1
637	494	1
637	523	1
637	512	1
637	530	1
638	601	1
638	576	1
638	579	1
638	581	1
638	577	1
638	572	1
639	601	1
640	601	1
640	103	1
640	41	1
640	143	1
640	127	1
640	102	1
640	86	1
640	36	1
641	553	1
641	559	1
641	583	1
641	573	1
641	574	1
641	582	1
641	577	1
641	576	1
641	585	1
641	579	1
641	575	1
641	581	1
641	578	1
641	570	1
641	580	1
641	579	1
641	584	1
642	509	1
642	516	1
642	491	1
642	507	1
642	517	1
642	519	1
642	528	1
642	520	1
642	524	1
642	523	1
642	497	1
642	495	1
642	511	1
642	521	1
642	504	1
642	605	1
643	568	1
643	567	1
643	563	1
643	565	1
643	566	1
643	569	1
643	37	1
643	97	1
643	54	1
643	78	1
643	117	1
643	38	1
643	74	1
643	173	1
643	47	1
643	187	1
643	110	1
643	125	1
644	506	1
644	519	1
644	518	1
644	530	1
644	495	1
644	504	1
644	494	1
644	517	1
644	585	1
644	578	1
644	577	1
644	579	1
644	580	1
644	576	1
644	583	1
644	570	1
644	582	1
644	573	1
644	574	1
644	584	1
644	572	1
645	1593	1
645	790	1
645	758	1
645	1299	1
645	1452	1
645	246	1
645	214	1
645	224	1
645	222	1
645	239	1
645	212	1
645	232	1
645	240	1
646	513	1
646	528	1
646	520	1
646	504	1
646	495	1
646	517	1
646	521	1
646	509	1
646	502	1
646	519	1
646	522	1
646	518	1
646	493	1
646	207	1
646	251	1
646	241	1
647	594	1
647	595	1
647	592	1
648	371	1
648	414	1
648	362	1
648	368	1
648	380	1
648	390	1
648	398	1
648	408	1
648	1176	1
648	977	1
648	1362	1
648	834	1
648	1233	1
648	1172	1
648	679	1
648	1043	1
649	603	1
649	534	1
649	532	1
649	535	1
650	605	1
651	601	1
651	600	1
651	598	1
651	599	1
651	596	1
652	605	1
652	220	1
652	235	1
653	452	1
653	424	1
654	567	1
654	566	1
654	568	1
654	565	1
654	563	1
654	569	1
654	390	1
654	381	1
654	395	1
654	377	1
654	405	1
654	393	1
654	402	1
655	429	1
655	432	1
655	446	1
655	424	1
655	463	1
655	460	1
655	426	1
656	601	1
657	601	1
657	452	1
657	453	1
657	449	1
657	434	1
657	459	1
657	435	1
657	445	1
657	423	1
657	425	1
657	439	1
657	442	1
657	419	1
657	450	1
657	454	1
657	456	1
658	461	1
658	454	1
658	445	1
658	419	1
659	259	1
659	321	1
659	342	1
659	271	1
659	317	1
659	274	1
659	346	1
659	266	1
659	252	1
659	276	1
659	264	1
659	328	1
659	312	1
659	307	1
659	83	1
659	13	1
659	24	1
659	129	1
659	71	1
659	93	1
659	150	1
659	81	1
659	132	1
659	178	1
659	7	1
659	182	1
660	569	1
660	568	1
660	565	1
660	563	1
660	566	1
660	567	1
660	415	1
660	381	1
660	406	1
660	371	1
660	396	1
660	373	1
660	402	1
660	411	1
660	392	1
660	388	1
660	412	1
660	404	1
660	385	1
661	605	1
662	577	1
662	573	1
662	584	1
662	580	1
662	575	1
662	574	1
662	601	1
663	514	1
663	508	1
663	522	1
663	511	1
663	526	1
663	493	1
663	603	1
664	532	1
664	534	1
664	535	1
664	595	1
664	592	1
664	594	1
665	438	1
665	464	1
665	442	1
665	416	1
665	418	1
665	454	1
665	437	1
665	444	1
665	430	1
665	462	1
665	419	1
666	476	1
666	487	1
666	482	1
666	486	1
666	468	1
666	11	1
666	112	1
666	49	1
666	77	1
666	74	1
667	1030	1
667	952	1
667	710	1
667	849	1
667	1123	1
667	768	1
667	1339	1
667	1280	1
667	1420	1
667	1181	1
667	613	1
667	945	1
667	631	1
667	655	1
667	921	1
667	459	1
667	429	1
667	442	1
667	460	1
667	444	1
667	427	1
667	450	1
667	437	1
668	461	1
669	538	1
669	539	1
669	546	1
670	1564	1
670	1108	1
670	1421	1
670	732	1
670	1575	1
670	778	1
670	1499	1
670	1150	1
671	247	1
671	239	1
671	212	1
671	216	1
671	207	1
671	224	1
671	240	1
671	220	1
671	229	1
671	241	1
671	211	1
672	73	1
672	100	1
672	79	1
672	226	1
672	247	1
672	248	1
672	210	1
672	215	1
672	239	1
673	218	1
673	239	1
673	207	1
673	229	1
673	247	1
673	250	1
673	236	1
673	228	1
673	212	1
673	251	1
673	210	1
673	238	1
673	244	1
674	410	1
674	393	1
674	381	1
675	596	1
675	599	1
675	598	1
675	600	1
675	601	1
676	603	1
676	1445	1
676	1049	1
676	1050	1
676	1484	1
676	958	1
676	841	1
676	1112	1
676	687	1
676	1479	1
676	639	1
676	1502	1
676	950	1
676	1031	1
676	1116	1
676	1215	1
677	180	1
677	171	1
677	82	1
677	181	1
677	116	1
677	61	1
677	66	1
677	18	1
677	153	1
677	167	1
678	600	1
678	599	1
678	598	1
678	603	1
679	487	1
679	471	1
679	476	1
679	485	1
679	477	1
679	567	1
679	563	1
679	566	1
679	568	1
679	565	1
679	569	1
680	532	1
680	535	1
680	534	1
680	601	1
681	601	1
681	596	1
681	599	1
681	600	1
681	598	1
682	603	1
682	245	1
682	210	1
682	212	1
683	501	1
683	495	1
683	528	1
683	519	1
683	518	1
683	530	1
683	506	1
683	507	1
683	592	1
683	594	1
683	595	1
684	503	1
684	524	1
684	520	1
684	525	1
684	495	1
684	508	1
684	530	1
684	511	1
684	510	1
684	505	1
684	528	1
684	491	1
685	480	1
685	487	1
685	472	1
685	488	1
685	486	1
685	469	1
685	478	1
685	483	1
685	467	1
685	477	1
685	470	1
686	581	1
687	568	1
687	566	1
687	567	1
687	563	1
687	565	1
688	471	1
688	479	1
688	467	1
688	472	1
688	473	1
688	603	1
689	586	1
689	589	1
689	588	1
689	590	1
690	107	1
690	0	1
690	588	1
690	586	1
690	590	1
690	589	1
691	605	1
691	83	1
691	181	1
691	173	1
691	122	1
691	50	1
691	40	1
691	64	1
691	95	1
691	193	1
691	139	1
691	13	1
691	184	1
691	49	1
691	59	1
691	182	1
692	690	1
692	659	1
692	922	1
692	1130	1
692	1382	1
692	853	1
692	1403	1
692	1025	1
693	521	1
693	494	1
693	498	1
693	523	1
693	500	1
693	515	1
694	504	1
694	605	1
695	599	1
695	598	1
695	596	1
695	600	1
695	595	1
695	594	1
695	592	1
696	212	1
696	125	1
696	205	1
696	37	1
696	16	1
696	152	1
696	86	1
696	160	1
696	93	1
696	200	1
696	204	1
696	78	1
696	26	1
696	38	1
696	103	1
696	206	1
697	605	1
697	835	1
697	607	1
697	711	1
697	852	1
697	865	1
697	841	1
697	672	1
697	992	1
697	1542	1
697	1218	1
697	1443	1
698	592	1
698	595	1
698	594	1
698	225	1
698	227	1
698	219	1
698	238	1
698	243	1
698	222	1
698	249	1
698	235	1
698	216	1
698	231	1
698	245	1
698	215	1
698	207	1
698	209	1
699	553	1
699	548	1
699	545	1
699	536	1
699	555	1
699	562	1
699	538	1
699	560	1
699	605	1
700	433	1
700	455	1
700	427	1
700	450	1
700	420	1
700	457	1
700	446	1
700	424	1
700	461	1
700	605	1
701	465	1
701	472	1
701	475	1
701	468	1
701	480	1
701	481	1
701	487	1
701	484	1
701	467	1
701	471	1
701	478	1
701	477	1
701	474	1
701	470	1
701	488	1
702	370	1
702	371	1
702	396	1
702	366	1
702	365	1
702	392	1
702	398	1
702	381	1
702	378	1
702	406	1
703	518	1
703	505	1
703	515	1
703	525	1
703	528	1
703	493	1
703	507	1
703	513	1
703	496	1
703	476	1
703	485	1
703	475	1
703	477	1
703	490	1
703	487	1
703	473	1
703	483	1
703	474	1
703	469	1
703	468	1
704	314	1
704	309	1
704	271	1
704	298	1
704	356	1
704	361	1
704	278	1
704	290	1
704	351	1
705	232	1
705	207	1
705	246	1
705	214	1
705	230	1
705	215	1
705	239	1
705	229	1
705	241	1
705	243	1
705	439	1
705	423	1
705	418	1
705	456	1
705	447	1
705	435	1
705	444	1
706	603	1
706	559	1
706	560	1
706	550	1
706	557	1
706	540	1
706	542	1
706	556	1
706	546	1
706	543	1
706	538	1
707	603	1
708	596	1
708	599	1
708	600	1
708	598	1
709	603	1
710	408	1
710	603	1
711	603	1
711	579	1
711	572	1
711	580	1
711	574	1
711	581	1
711	583	1
711	575	1
712	552	1
712	561	1
712	547	1
712	539	1
712	553	1
712	541	1
713	565	1
713	569	1
713	563	1
713	568	1
713	566	1
713	567	1
713	601	1
714	424	1
714	457	1
714	461	1
714	463	1
714	433	1
714	430	1
714	447	1
714	443	1
715	651	1
715	1533	1
715	1046	1
715	1524	1
715	776	1
715	1128	1
715	981	1
715	1565	1
715	1361	1
715	1554	1
715	1425	1
715	1013	1
715	811	1
715	1030	1
715	752	1
716	599	1
716	600	1
716	598	1
716	596	1
716	539	1
716	546	1
716	562	1
716	545	1
716	550	1
716	541	1
716	551	1
716	552	1
716	557	1
717	603	1
717	250	1
717	243	1
717	212	1
717	238	1
717	251	1
717	216	1
717	225	1
717	219	1
717	227	1
717	209	1
717	245	1
717	235	1
717	241	1
717	214	1
718	603	1
718	1550	1
718	1298	1
718	705	1
718	1409	1
718	1111	1
718	1543	1
718	1188	1
718	1203	1
718	1367	1
718	939	1
718	1346	1
718	671	1
718	703	1
718	968	1
718	1555	1
719	584	1
719	570	1
719	580	1
719	578	1
719	574	1
720	413	1
720	368	1
720	366	1
720	385	1
720	388	1
720	408	1
720	387	1
721	488	1
721	477	1
721	472	1
721	476	1
721	480	1
721	467	1
721	478	1
721	482	1
721	468	1
721	486	1
721	490	1
721	471	1
721	473	1
721	594	1
721	595	1
721	592	1
722	572	1
722	584	1
722	581	1
722	582	1
722	573	1
722	574	1
722	578	1
722	577	1
722	642	1
722	1451	1
722	1544	1
723	251	1
723	245	1
723	55	1
723	10	1
724	540	1
724	553	1
724	561	1
724	544	1
724	545	1
724	543	1
724	554	1
724	549	1
724	542	1
724	552	1
724	550	1
724	560	1
724	470	1
724	475	1
724	486	1
724	488	1
724	479	1
724	467	1
724	487	1
724	472	1
724	478	1
724	482	1
724	476	1
725	601	1
726	16	1
726	150	1
726	166	1
726	29	1
726	167	1
726	185	1
726	113	1
726	187	1
726	4	1
726	596	1
726	600	1
726	598	1
726	599	1
727	418	1
727	445	1
727	563	1
727	567	1
727	566	1
727	565	1
727	568	1
727	569	1
728	557	1
728	538	1
728	549	1
729	183	1
729	90	1
729	113	1
729	144	1
729	124	1
729	13	1
729	573	1
729	575	1
729	581	1
729	579	1
729	578	1
729	580	1
730	569	1
730	568	1
730	567	1
730	563	1
730	565	1
730	566	1
731	603	1
732	603	1
733	486	1
733	488	1
733	468	1
733	487	1
733	470	1
733	469	1
733	472	1
733	473	1
734	479	1
734	483	1
734	234	1
734	233	1
734	249	1
734	230	1
735	221	1
735	236	1
735	235	1
735	231	1
735	250	1
735	213	1
735	224	1
735	245	1
735	248	1
735	239	1
735	212	1
735	229	1
735	219	1
735	227	1
735	603	1
736	80	1
736	166	1
736	56	1
736	15	1
736	115	1
736	38	1
736	165	1
736	178	1
737	129	1
737	1000	1
737	924	1
737	697	1
737	978	1
737	828	1
737	1183	1
737	733	1
737	1319	1
737	1006	1
738	95	1
738	83	1
738	117	1
738	130	1
738	152	1
738	90	1
738	176	1
738	30	1
738	96	1
738	140	1
738	82	1
738	125	1
738	195	1
739	589	1
739	586	1
739	590	1
739	588	1
740	605	1
740	601	1
741	479	1
741	488	1
741	471	1
741	478	1
741	489	1
741	481	1
741	484	1
741	465	1
741	473	1
741	490	1
741	482	1
741	371	1
741	372	1
741	362	1
741	380	1
742	589	1
742	588	1
742	586	1
742	590	1
742	595	1
742	594	1
742	592	1
743	165	1
743	10	1
743	115	1
743	98	1
743	62	1
743	50	1
743	16	1
744	595	1
744	594	1
744	592	1
745	562	1
745	541	1
745	561	1
745	560	1
745	556	1
746	45	1
746	112	1
746	161	1
746	86	1
746	171	1
746	126	1
746	131	1
746	101	1
746	110	1
746	102	1
746	61	1
746	37	1
747	592	1
747	595	1
747	594	1
747	586	1
747	590	1
747	588	1
748	234	1
748	511	1
748	502	1
748	504	1
748	513	1
748	505	1
748	496	1
748	516	1
748	507	1
748	526	1
748	495	1
749	567	1
749	566	1
749	563	1
749	569	1
749	565	1
749	568	1
750	484	1
750	205	1
750	179	1
750	44	1
750	153	1
750	29	1
750	74	1
750	4	1
750	201	1
750	141	1
751	532	1
751	535	1
751	534	1
752	603	1
753	586	1
753	589	1
753	588	1
753	590	1
753	601	1
754	603	1
754	186	1
754	100	1
754	196	1
755	220	1
755	214	1
755	224	1
756	220	1
756	247	1
756	214	1
756	232	1
756	225	1
756	218	1
756	250	1
756	248	1
756	245	1
756	238	1
756	224	1
756	603	1
757	535	1
757	532	1
757	534	1
757	603	1
758	281	1
758	321	1
758	356	1
758	344	1
758	329	1
758	254	1
758	260	1
758	323	1
758	269	1
758	266	1
758	325	1
758	304	1
758	335	1
759	595	1
759	594	1
759	592	1
759	370	1
759	366	1
759	387	1
759	405	1
759	362	1
759	406	1
759	390	1
759	374	1
760	126	1
761	460	1
761	421	1
761	445	1
761	455	1
761	444	1
762	535	1
762	532	1
762	534	1
762	586	1
762	590	1
762	589	1
762	588	1
763	603	1
763	1383	1
763	1355	1
763	1298	1
763	1194	1
763	722	1
763	791	1
763	908	1
763	1344	1
764	600	1
764	598	1
764	599	1
764	596	1
765	322	1
765	339	1
765	275	1
765	282	1
766	567	1
766	563	1
766	568	1
766	565	1
766	569	1
766	566	1
766	603	1
767	474	1
768	566	1
768	567	1
768	565	1
768	568	1
768	569	1
768	563	1
769	535	1
769	534	1
769	532	1
770	498	1
770	506	1
770	494	1
770	502	1
770	503	1
770	392	1
771	603	1
771	137	1
771	88	1
771	162	1
771	166	1
771	13	1
771	79	1
771	155	1
771	196	1
771	112	1
771	133	1
771	91	1
771	93	1
772	482	1
772	474	1
773	570	1
773	581	1
773	576	1
773	184	1
773	138	1
773	96	1
773	154	1
773	76	1
773	102	1
773	100	1
773	204	1
774	563	1
774	567	1
774	569	1
774	566	1
774	568	1
774	565	1
775	586	1
775	590	1
776	535	1
776	534	1
776	532	1
776	601	1
777	601	1
778	603	1
778	107	1
779	113	1
779	170	1
779	182	1
779	138	1
779	96	1
779	20	1
779	72	1
779	125	1
779	206	1
779	201	1
780	605	1
780	603	1
781	314	1
781	252	1
781	334	1
781	254	1
781	296	1
781	350	1
781	280	1
781	271	1
781	275	1
781	317	1
781	341	1
781	322	1
782	603	1
783	1116	1
784	603	1
784	534	1
784	535	1
784	532	1
785	932	1
785	987	1
785	1361	1
785	1590	1
785	630	1
785	568	1
785	565	1
785	569	1
785	566	1
786	460	1
786	451	1
786	433	1
786	424	1
786	448	1
786	434	1
786	419	1
786	461	1
786	436	1
786	426	1
786	440	1
786	446	1
787	477	1
787	476	1
787	468	1
787	482	1
787	485	1
787	483	1
788	598	1
788	600	1
788	437	1
789	567	1
789	565	1
789	566	1
789	568	1
789	563	1
789	569	1
789	479	1
789	469	1
789	488	1
789	481	1
789	484	1
789	465	1
789	480	1
789	472	1
789	471	1
789	467	1
790	601	1
790	592	1
790	595	1
790	594	1
791	595	1
791	594	1
791	592	1
792	567	1
792	565	1
792	566	1
792	563	1
792	568	1
792	569	1
792	229	1
792	230	1
792	225	1
792	251	1
792	223	1
792	207	1
792	228	1
792	238	1
792	224	1
792	240	1
793	376	1
793	364	1
793	391	1
793	405	1
793	402	1
793	400	1
793	392	1
793	398	1
793	388	1
793	366	1
793	347	1
793	355	1
793	349	1
793	267	1
793	278	1
793	269	1
793	273	1
793	354	1
793	270	1
793	289	1
794	320	1
794	325	1
794	302	1
794	535	1
794	534	1
794	532	1
795	414	1
795	402	1
795	392	1
795	384	1
795	374	1
795	394	1
795	365	1
795	404	1
796	586	1
796	589	1
796	590	1
796	588	1
796	490	1
796	469	1
796	482	1
796	480	1
796	467	1
796	484	1
796	488	1
796	489	1
796	473	1
796	478	1
796	470	1
797	543	1
797	545	1
797	549	1
798	594	1
798	598	1
798	600	1
798	599	1
798	596	1
799	441	1
799	436	1
799	462	1
799	427	1
799	459	1
799	420	1
799	433	1
799	592	1
799	594	1
799	595	1
800	601	1
800	589	1
800	590	1
800	588	1
800	586	1
801	563	1
801	569	1
801	567	1
801	566	1
801	568	1
801	565	1
801	603	1
802	605	1
802	281	1
803	473	1
803	467	1
803	483	1
803	480	1
803	605	1
804	598	1
804	600	1
805	477	1
805	484	1
805	378	1
805	400	1
805	414	1
805	410	1
805	413	1
805	374	1
806	592	1
806	594	1
806	595	1
807	465	1
807	487	1
807	468	1
807	480	1
807	477	1
807	482	1
807	488	1
807	475	1
807	490	1
807	586	1
807	589	1
807	588	1
807	590	1
808	475	1
808	465	1
808	473	1
808	489	1
808	480	1
808	472	1
808	467	1
808	566	1
808	567	1
808	568	1
808	569	1
808	565	1
808	563	1
809	29	1
809	49	1
809	116	1
809	151	1
809	133	1
809	200	1
809	162	1
810	512	1
810	508	1
810	499	1
810	510	1
810	517	1
810	524	1
810	522	1
810	497	1
810	506	1
810	507	1
810	500	1
810	498	1
810	539	1
810	559	1
810	560	1
810	549	1
810	538	1
810	542	1
810	540	1
810	550	1
810	557	1
810	553	1
810	561	1
810	551	1
811	566	1
811	563	1
811	569	1
811	565	1
811	568	1
812	439	1
812	423	1
812	444	1
812	451	1
812	421	1
812	429	1
812	430	1
812	459	1
812	463	1
812	426	1
812	464	1
812	432	1
812	455	1
812	460	1
813	578	1
813	573	1
813	585	1
813	582	1
813	581	1
813	570	1
813	596	1
813	598	1
813	600	1
813	599	1
814	605	1
815	586	1
815	590	1
815	589	1
815	588	1
815	595	1
815	594	1
815	592	1
816	1395	1
816	1463	1
816	965	1
816	595	1
816	594	1
816	592	1
817	605	1
817	603	1
818	569	1
818	566	1
818	567	1
818	563	1
819	371	1
819	412	1
819	402	1
819	404	1
819	393	1
819	399	1
819	396	1
819	385	1
819	369	1
819	382	1
819	400	1
819	550	1
819	543	1
819	556	1
819	547	1
819	545	1
819	554	1
819	542	1
819	548	1
819	552	1
819	560	1
819	557	1
819	536	1
819	539	1
819	561	1
820	307	1
820	282	1
820	277	1
820	323	1
820	287	1
820	274	1
820	291	1
820	265	1
820	303	1
820	276	1
820	302	1
820	286	1
820	297	1
820	362	1
820	411	1
820	370	1
820	365	1
820	376	1
820	396	1
820	382	1
820	369	1
820	405	1
820	362	1
820	392	1
820	391	1
820	379	1
820	393	1
820	397	1
821	388	1
821	399	1
821	387	1
821	379	1
821	392	1
821	370	1
821	372	1
821	415	1
821	378	1
821	407	1
821	367	1
821	408	1
821	366	1
821	365	1
822	406	1
822	408	1
822	413	1
822	380	1
822	412	1
822	366	1
822	385	1
823	583	1
823	573	1
823	579	1
823	574	1
823	575	1
823	585	1
823	577	1
823	581	1
824	489	1
824	482	1
824	475	1
824	478	1
824	472	1
824	598	1
824	596	1
824	600	1
824	599	1
825	411	1
825	405	1
825	378	1
825	370	1
825	403	1
825	398	1
825	415	1
825	391	1
825	365	1
825	364	1
825	381	1
825	394	1
825	372	1
826	303	1
826	318	1
826	323	1
826	314	1
826	343	1
826	258	1
826	282	1
826	350	1
826	280	1
827	435	1
827	424	1
827	454	1
827	464	1
827	430	1
827	455	1
827	450	1
827	453	1
827	437	1
827	576	1
827	573	1
827	570	1
827	584	1
827	579	1
827	582	1
827	575	1
828	590	1
828	588	1
828	589	1
828	586	1
829	589	1
829	586	1
829	588	1
829	590	1
830	605	1
831	565	1
831	569	1
831	563	1
831	567	1
831	566	1
831	568	1
831	534	1
831	535	1
831	532	1
832	38	1
832	251	1
832	245	1
832	225	1
832	241	1
832	234	1
832	231	1
832	218	1
832	213	1
832	227	1
832	229	1
832	248	1
833	581	1
833	574	1
833	579	1
833	576	1
833	570	1
834	166	1
834	127	1
834	62	1
834	46	1
834	86	1
834	199	1
834	179	1
835	577	1
835	573	1
835	578	1
835	575	1
835	579	1
835	576	1
835	579	1
835	585	1
835	584	1
835	572	1
835	570	1
835	580	1
835	574	1
836	120	1
836	95	1
836	44	1
836	145	1
836	96	1
836	64	1
836	159	1
836	49	1
836	41	1
836	185	1
836	205	1
836	36	1
836	113	1
836	101	1
837	241	1
837	223	1
837	249	1
837	250	1
837	216	1
837	231	1
837	213	1
837	595	1
837	594	1
838	595	1
838	592	1
838	594	1
839	569	1
839	567	1
839	565	1
839	937	1
839	1168	1
839	1443	1
839	772	1
839	1174	1
839	723	1
839	1555	1
840	97	1
840	127	1
840	150	1
840	152	1
840	20	1
840	64	1
840	54	1
840	139	1
840	71	1
840	144	1
840	36	1
840	130	1
840	18	1
840	406	1
840	389	1
841	605	1
841	563	1
841	565	1
841	566	1
841	568	1
842	598	1
842	596	1
842	599	1
842	600	1
843	1569	1
843	1026	1
844	130	1
844	139	1
844	187	1
844	136	1
844	183	1
844	54	1
844	41	1
844	167	1
845	585	1
845	580	1
845	578	1
845	57	1
845	105	1
845	11	1
845	198	1
845	20	1
846	566	1
846	567	1
846	563	1
846	565	1
846	568	1
846	569	1
847	389	1
847	384	1
847	390	1
847	406	1
847	415	1
847	394	1
847	391	1
847	400	1
847	381	1
847	362	1
847	412	1
847	395	1
847	383	1
847	392	1
847	403	1
847	441	1
847	448	1
847	456	1
847	424	1
847	463	1
847	449	1
847	445	1
847	423	1
847	438	1
847	435	1
848	38	1
848	49	1
848	195	1
848	336	1
848	361	1
848	315	1
848	345	1
849	589	1
849	588	1
849	586	1
849	590	1
850	550	1
850	551	1
850	539	1
850	538	1
850	546	1
850	554	1
850	541	1
850	562	1
851	595	1
851	594	1
851	592	1
852	157	1
852	112	1
852	128	1
852	58	1
852	192	1
852	30	1
852	132	1
852	130	1
853	498	1
853	504	1
853	511	1
853	519	1
853	494	1
853	505	1
853	603	1
854	468	1
854	487	1
854	474	1
854	473	1
854	476	1
854	480	1
854	489	1
854	467	1
854	490	1
854	488	1
854	576	1
854	582	1
854	579	1
854	583	1
854	580	1
854	584	1
854	578	1
854	574	1
854	572	1
854	581	1
854	570	1
854	573	1
854	575	1
855	567	1
855	568	1
855	566	1
855	563	1
855	565	1
855	569	1
855	494	1
855	493	1
855	518	1
855	519	1
855	510	1
855	514	1
855	530	1
855	506	1
855	526	1
855	504	1
855	528	1
855	495	1
855	497	1
855	520	1
855	496	1
856	412	1
856	382	1
856	397	1
856	392	1
856	373	1
856	362	1
856	370	1
856	394	1
856	379	1
856	364	1
856	395	1
856	414	1
856	390	1
856	384	1
856	569	1
856	566	1
856	565	1
856	567	1
856	568	1
857	467	1
857	484	1
857	482	1
857	483	1
857	465	1
857	485	1
857	474	1
858	596	1
858	599	1
858	600	1
858	598	1
858	529	1
858	527	1
858	526	1
858	515	1
858	510	1
858	501	1
858	517	1
858	508	1
858	503	1
859	603	1
860	510	1
860	551	1
860	553	1
860	545	1
860	540	1
860	543	1
860	541	1
860	536	1
860	549	1
860	555	1
860	562	1
860	539	1
861	592	1
861	594	1
861	595	1
861	24	1
861	44	1
861	117	1
861	149	1
861	80	1
862	36	1
862	167	1
862	116	1
862	47	1
862	114	1
862	107	1
862	11	1
862	181	1
862	57	1
862	165	1
862	586	1
862	589	1
862	590	1
862	588	1
863	523	1
863	529	1
863	507	1
863	521	1
863	497	1
863	526	1
863	494	1
863	518	1
863	510	1
863	524	1
863	506	1
863	528	1
863	520	1
863	505	1
863	530	1
863	78	1
863	87	1
863	130	1
863	127	1
863	195	1
864	583	1
864	573	1
864	584	1
864	581	1
864	572	1
864	580	1
864	574	1
864	570	1
864	576	1
864	575	1
864	585	1
864	579	1
864	582	1
864	605	1
865	605	1
865	464	1
865	420	1
865	457	1
865	443	1
865	444	1
865	463	1
865	459	1
865	450	1
865	434	1
865	453	1
866	605	1
866	576	1
866	570	1
866	582	1
866	574	1
866	577	1
866	581	1
866	575	1
866	580	1
866	585	1
866	583	1
867	511	1
867	519	1
867	513	1
867	518	1
867	527	1
867	491	1
867	526	1
867	522	1
867	493	1
867	515	1
867	525	1
867	521	1
867	495	1
868	572	1
868	573	1
869	545	1
869	540	1
869	558	1
869	547	1
869	555	1
869	548	1
869	552	1
869	554	1
869	561	1
870	470	1
870	478	1
870	488	1
870	486	1
870	490	1
870	482	1
871	603	1
871	508	1
871	516	1
871	503	1
871	515	1
871	491	1
871	506	1
871	493	1
871	513	1
871	501	1
871	521	1
871	495	1
871	530	1
871	514	1
871	502	1
872	227	1
872	243	1
872	222	1
872	224	1
872	215	1
872	218	1
872	234	1
872	242	1
872	214	1
872	211	1
872	247	1
873	472	1
873	488	1
873	471	1
873	487	1
873	485	1
873	468	1
873	475	1
873	483	1
873	489	1
873	484	1
873	490	1
873	601	1
874	601	1
874	979	1
874	1201	1
874	1178	1
874	1067	1
874	1425	1
874	810	1
874	802	1
874	1100	1
874	729	1
874	1594	1
874	967	1
874	792	1
875	534	1
875	535	1
875	532	1
875	563	1
875	569	1
875	567	1
875	566	1
875	568	1
875	565	1
876	601	1
877	1181	1
877	1070	1
877	816	1
877	635	1
877	1299	1
877	1303	1
877	518	1
877	497	1
877	523	1
877	495	1
877	505	1
877	494	1
877	502	1
878	87	1
878	104	1
878	57	1
878	86	1
878	132	1
878	601	1
879	592	1
879	595	1
879	594	1
879	603	1
880	535	1
880	534	1
881	1019	1
881	1565	1
881	1206	1
881	1264	1
881	1279	1
881	1328	1
881	1231	1
881	1577	1
881	1519	1
881	1497	1
881	1348	1
882	235	1
882	224	1
882	218	1
882	237	1
882	219	1
882	210	1
882	228	1
882	207	1
882	232	1
882	213	1
882	251	1
882	212	1
882	239	1
882	244	1
882	241	1
883	527	1
883	529	1
883	495	1
883	596	1
883	600	1
883	599	1
883	598	1
884	488	1
884	490	1
884	485	1
884	467	1
884	480	1
884	469	1
884	472	1
884	475	1
884	465	1
884	478	1
884	489	1
884	474	1
884	487	1
884	502	1
884	521	1
884	513	1
884	508	1
884	520	1
885	508	1
885	502	1
885	491	1
885	500	1
885	493	1
885	497	1
885	505	1
885	526	1
885	504	1
885	503	1
885	509	1
885	523	1
885	515	1
885	529	1
885	506	1
886	565	1
886	563	1
886	566	1
886	569	1
886	567	1
886	568	1
887	613	1
887	605	1
888	210	1
888	245	1
888	238	1
888	229	1
888	212	1
888	246	1
888	244	1
888	237	1
889	605	1
890	550	1
890	546	1
890	544	1
890	541	1
890	560	1
890	554	1
890	545	1
890	547	1
890	552	1
890	556	1
890	540	1
890	561	1
890	548	1
891	601	1
891	574	1
891	578	1
892	536	1
892	542	1
892	546	1
892	555	1
892	1476	1
892	754	1
892	831	1
892	775	1
892	833	1
892	1018	1
892	1512	1
893	499	1
893	513	1
893	519	1
893	526	1
893	505	1
893	511	1
893	251	1
893	237	1
893	244	1
893	248	1
893	222	1
893	230	1
893	241	1
893	214	1
893	231	1
893	225	1
893	234	1
893	229	1
893	210	1
894	532	1
894	534	1
894	535	1
895	210	1
895	226	1
895	588	1
895	589	1
895	590	1
895	586	1
896	558	1
896	560	1
896	540	1
896	148	1
897	470	1
897	478	1
897	489	1
897	476	1
897	465	1
897	490	1
897	468	1
897	469	1
897	471	1
897	477	1
897	475	1
897	474	1
897	485	1
897	467	1
897	482	1
897	284	1
897	297	1
897	335	1
897	266	1
897	277	1
898	594	1
898	590	1
898	586	1
898	588	1
898	589	1
899	605	1
899	411	1
899	377	1
899	386	1
899	387	1
899	404	1
899	364	1
899	381	1
899	366	1
900	534	1
900	532	1
900	535	1
900	383	1
900	362	1
900	387	1
900	391	1
900	402	1
900	371	1
900	403	1
900	397	1
900	369	1
900	414	1
900	411	1
901	334	1
901	290	1
901	295	1
901	330	1
901	268	1
901	324	1
901	320	1
901	304	1
901	270	1
901	300	1
901	289	1
901	563	1
901	567	1
901	569	1
901	568	1
901	566	1
901	565	1
902	601	1
903	603	1
903	424	1
903	418	1
903	451	1
904	589	1
904	590	1
904	588	1
904	586	1
904	601	1
905	562	1
905	558	1
905	552	1
905	549	1
905	554	1
905	536	1
905	557	1
905	538	1
905	541	1
905	546	1
905	543	1
905	544	1
905	561	1
905	596	1
905	599	1
905	600	1
905	598	1
906	594	1
906	595	1
906	592	1
907	601	1
907	558	1
907	557	1
907	543	1
907	546	1
908	563	1
908	569	1
908	567	1
908	565	1
908	566	1
908	568	1
909	786	1
909	776	1
909	656	1
909	1584	1
909	775	1
909	633	1
909	757	1
909	1185	1
909	1509	1
909	1198	1
909	1490	1
909	1558	1
909	992	1
909	913	1
909	815	1
909	603	1
910	543	1
910	538	1
910	542	1
910	550	1
910	546	1
910	559	1
910	555	1
910	594	1
910	595	1
910	592	1
911	540	1
911	549	1
911	542	1
911	557	1
911	561	1
911	550	1
911	552	1
911	536	1
911	558	1
911	548	1
911	541	1
911	559	1
911	555	1
911	562	1
911	554	1
911	378	1
911	385	1
911	368	1
911	381	1
911	373	1
911	415	1
911	370	1
911	384	1
911	367	1
911	393	1
911	392	1
911	362	1
911	398	1
911	371	1
912	567	1
912	563	1
912	566	1
912	569	1
912	568	1
912	565	1
912	476	1
913	275	1
913	337	1
913	326	1
913	358	1
913	343	1
913	315	1
913	359	1
913	268	1
913	322	1
914	534	1
915	438	1
915	439	1
915	425	1
915	422	1
915	434	1
915	456	1
915	455	1
915	421	1
915	447	1
916	601	1
917	1268	1
917	1495	1
917	1199	1
917	1186	1
917	1031	1
917	691	1
917	1433	1
917	1601	1
917	973	1
917	1397	1
917	909	1
917	1134	1
917	423	1
917	443	1
917	449	1
917	445	1
917	416	1
917	436	1
917	463	1
917	421	1
917	426	1
918	505	1
918	519	1
918	511	1
918	503	1
918	522	1
918	512	1
918	509	1
918	521	1
918	514	1
919	549	1
919	544	1
920	507	1
920	503	1
920	508	1
920	520	1
920	497	1
920	505	1
920	530	1
920	229	1
920	251	1
920	230	1
920	238	1
920	242	1
920	220	1
920	221	1
920	231	1
920	240	1
920	222	1
920	243	1
920	207	1
921	535	1
921	532	1
921	534	1
921	341	1
921	336	1
921	326	1
921	287	1
921	310	1
921	271	1
921	332	1
921	348	1
921	327	1
921	315	1
921	342	1
921	269	1
922	995	1
922	1150	1
922	1550	1
922	724	1
922	1108	1
922	1450	1
922	1175	1
922	1437	1
922	1473	1
922	1254	1
922	1507	1
922	548	1
922	551	1
922	542	1
922	556	1
922	550	1
922	561	1
922	545	1
922	539	1
922	547	1
922	536	1
923	224	1
923	218	1
923	209	1
923	213	1
923	233	1
923	246	1
923	250	1
923	248	1
923	207	1
924	594	1
924	595	1
924	592	1
925	603	1
926	232	1
927	225	1
927	235	1
927	224	1
927	220	1
927	232	1
927	218	1
928	200	1
928	189	1
928	169	1
929	346	1
929	288	1
930	601	1
931	444	1
931	419	1
931	449	1
931	443	1
931	464	1
931	438	1
931	452	1
931	416	1
931	435	1
931	447	1
931	459	1
931	455	1
931	442	1
931	446	1
931	448	1
932	569	1
932	566	1
932	568	1
932	563	1
932	567	1
932	565	1
933	579	1
933	582	1
933	570	1
933	580	1
933	578	1
933	579	1
933	585	1
933	581	1
933	583	1
933	577	1
933	584	1
933	575	1
933	576	1
933	574	1
934	603	1
935	569	1
935	568	1
935	566	1
935	567	1
935	563	1
935	565	1
936	561	1
936	559	1
936	549	1
936	553	1
936	555	1
936	551	1
936	541	1
936	556	1
936	546	1
936	538	1
936	544	1
936	554	1
936	557	1
936	558	1
936	543	1
937	601	1
937	578	1
937	582	1
937	573	1
937	585	1
937	574	1
937	579	1
937	576	1
937	580	1
937	584	1
937	579	1
938	596	1
938	598	1
938	600	1
938	599	1
939	551	1
940	216	1
940	233	1
940	210	1
940	230	1
940	226	1
940	221	1
940	243	1
940	213	1
940	220	1
940	222	1
940	241	1
941	578	1
941	572	1
941	576	1
941	584	1
941	585	1
941	574	1
941	577	1
941	575	1
941	582	1
941	573	1
941	570	1
941	579	1
941	580	1
941	579	1
942	374	1
942	377	1
942	415	1
942	399	1
942	391	1
943	254	1
943	345	1
943	298	1
943	358	1
943	305	1
943	294	1
943	262	1
943	361	1
943	268	1
943	343	1
943	440	1
943	452	1
943	420	1
943	427	1
943	426	1
944	599	1
944	596	1
944	598	1
944	600	1
945	534	1
945	535	1
945	532	1
945	594	1
945	595	1
945	592	1
946	280	1
946	358	1
946	264	1
946	276	1
946	605	1
947	558	1
947	550	1
947	532	1
947	535	1
947	534	1
948	230	1
948	242	1
948	212	1
948	240	1
948	603	1
949	588	1
949	586	1
950	605	1
951	393	1
951	367	1
951	405	1
951	400	1
951	414	1
951	398	1
951	415	1
951	366	1
951	373	1
951	399	1
951	368	1
951	390	1
951	365	1
951	350	1
951	317	1
951	331	1
951	271	1
951	300	1
951	337	1
951	310	1
951	296	1
951	353	1
952	427	1
952	444	1
952	456	1
952	451	1
952	568	1
953	605	1
954	489	1
955	603	1
955	582	1
955	570	1
955	578	1
956	332	1
956	347	1
956	299	1
956	302	1
956	293	1
956	327	1
956	260	1
956	333	1
956	270	1
956	354	1
956	304	1
956	84	1
956	132	1
956	107	1
956	64	1
956	130	1
956	93	1
956	85	1
956	13	1
956	78	1
956	197	1
956	112	1
956	140	1
956	155	1
957	353	1
957	300	1
957	261	1
957	308	1
957	252	1
957	322	1
957	318	1
957	361	1
957	333	1
957	335	1
957	359	1
958	741	1
958	300	1
958	339	1
958	260	1
958	277	1
958	335	1
958	288	1
958	295	1
958	292	1
959	351	1
959	358	1
960	457	1
960	425	1
960	424	1
960	450	1
960	453	1
961	590	1
961	586	1
961	588	1
961	589	1
961	37	1
961	140	1
961	11	1
961	168	1
961	94	1
961	93	1
961	90	1
962	605	1
962	116	1
962	75	1
962	46	1
962	195	1
962	188	1
962	73	1
962	95	1
962	166	1
962	79	1
962	138	1
962	152	1
962	4	1
962	61	1
963	534	1
963	532	1
963	535	1
963	378	1
963	413	1
963	397	1
963	393	1
963	373	1
963	402	1
963	390	1
964	590	1
964	586	1
964	589	1
964	588	1
964	478	1
965	605	1
965	595	1
965	594	1
965	592	1
966	75	1
966	171	1
966	33	1
966	97	1
966	135	1
966	157	1
966	77	1
966	71	1
966	122	1
966	40	1
966	37	1
966	150	1
966	70	1
966	85	1
966	423	1
966	462	1
966	416	1
966	453	1
966	437	1
966	434	1
966	449	1
967	351	1
968	567	1
968	566	1
968	563	1
968	565	1
968	569	1
968	568	1
968	216	1
968	245	1
968	242	1
968	214	1
968	230	1
968	244	1
968	213	1
968	238	1
968	211	1
968	222	1
968	251	1
968	236	1
969	557	1
969	555	1
969	551	1
969	548	1
969	542	1
969	554	1
969	538	1
969	544	1
969	539	1
969	556	1
969	547	1
969	545	1
969	536	1
969	553	1
969	552	1
969	527	1
969	507	1
969	519	1
969	514	1
969	528	1
969	501	1
969	512	1
969	505	1
969	522	1
969	516	1
970	603	1
970	565	1
970	563	1
970	568	1
970	566	1
971	594	1
971	27	1
971	4	1
971	13	1
971	200	1
971	190	1
971	205	1
971	201	1
971	104	1
971	102	1
971	48	1
971	144	1
971	59	1
972	456	1
973	578	1
973	579	1
973	583	1
973	575	1
973	579	1
973	570	1
973	584	1
973	572	1
973	577	1
973	581	1
973	585	1
973	573	1
973	574	1
973	580	1
973	536	1
973	561	1
973	554	1
974	580	1
974	573	1
974	583	1
974	578	1
974	574	1
974	579	1
974	585	1
974	576	1
974	584	1
974	579	1
974	581	1
974	596	1
974	599	1
974	598	1
974	600	1
975	603	1
975	440	1
976	586	1
976	588	1
976	590	1
976	589	1
977	601	1
978	250	1
978	807	1
978	956	1
978	1129	1
978	1116	1
978	1450	1
978	1285	1
978	899	1
978	882	1
978	916	1
978	1087	1
978	1125	1
978	1191	1
978	1219	1
979	509	1
979	510	1
979	522	1
979	529	1
979	512	1
979	508	1
979	493	1
979	530	1
979	491	1
980	596	1
980	599	1
980	598	1
980	600	1
981	605	1
981	297	1
981	351	1
981	260	1
981	346	1
981	277	1
981	315	1
981	337	1
981	288	1
981	317	1
981	338	1
981	326	1
982	387	1
982	365	1
982	381	1
982	399	1
982	406	1
983	505	1
983	493	1
983	491	1
983	512	1
983	496	1
983	516	1
983	518	1
983	460	1
983	416	1
983	457	1
983	464	1
983	418	1
983	445	1
983	424	1
983	462	1
983	421	1
983	453	1
983	423	1
983	426	1
983	448	1
983	436	1
983	419	1
984	534	1
984	532	1
984	535	1
985	535	1
985	534	1
985	532	1
985	567	1
985	566	1
985	568	1
985	569	1
985	565	1
985	563	1
986	592	1
986	594	1
986	595	1
987	558	1
987	543	1
987	560	1
987	538	1
987	539	1
987	536	1
987	544	1
987	551	1
987	542	1
987	550	1
987	562	1
987	554	1
988	569	1
988	566	1
988	567	1
988	568	1
988	563	1
988	565	1
989	603	1
990	598	1
990	599	1
990	596	1
990	600	1
990	574	1
990	577	1
990	581	1
990	573	1
990	570	1
990	579	1
990	584	1
990	576	1
990	585	1
990	578	1
990	572	1
990	583	1
990	580	1
991	469	1
991	487	1
991	485	1
991	490	1
991	477	1
991	470	1
991	471	1
991	568	1
991	566	1
991	565	1
991	567	1
992	605	1
992	326	1
992	291	1
992	265	1
992	348	1
992	346	1
993	296	1
993	361	1
993	270	1
993	320	1
993	262	1
993	344	1
993	357	1
993	276	1
993	354	1
993	267	1
993	342	1
994	476	1
994	471	1
995	589	1
995	586	1
995	590	1
996	436	1
996	438	1
996	450	1
996	452	1
996	463	1
996	449	1
996	432	1
996	447	1
996	446	1
996	426	1
996	427	1
996	437	1
996	435	1
996	460	1
996	457	1
997	592	1
997	595	1
997	594	1
997	217	1
997	218	1
998	542	1
998	548	1
998	546	1
998	558	1
998	539	1
998	562	1
998	543	1
998	536	1
998	550	1
998	559	1
998	544	1
998	549	1
998	556	1
999	390	1
999	393	1
999	400	1
999	365	1
999	380	1
999	404	1
999	368	1
999	376	1
999	375	1
999	399	1
999	394	1
999	601	1
